===== 0a =====
2 2 10000 1
7997 5964
755 4858
2929 3044
5068 4692

===== 0b =====
2 1000 100000 1500
26262 46171 38749 99335 71219 21962 19600 85315 33942 44358 891 73833 50124 3047 31778 61666 79100 28792 85282 49617 33779 19240 15433 94156 56635 3109 11123 60241 27063 19765 38353 55516 70742 17450 88379 90002 2320 62267 45227 37116 11764 9890 53249 24035 58481 61334 23964 64173 68000 9066 4236 84270 83447 14148 45550 77379 50521 94370 76071 2918 64361 84506 56391 90652 85984 18690 81570 83129 44211 57289 13432 93743 26263 56311 94876 9158 10566 25855 30353 21526 42695 55477 91181 10101 90070 64610 95939 42640 12477 78691 70579 59559 24449 38592 35941 36620 9342 57054 19736 42288 46239 13505 33168 48404 53854 25306 35063 13920 76376 1865 86055 30504 39882 90859 61694 23938 34082 71161 36862 71648 71084 92157 67735 17459 75069 18715 84649 43442 6950 96742 84834 24522 50680 97001 18019 20138 552 36658 59122 12140 76947 27693 35065 92984 42442 18124 79908 83072 16477 98619 19068 98003 51627 17003 49681 95580 39846 96277 5442 92990 27282 65629 9185 70927 84379 32478 70041 81856 81409 676 51456 38846 42475 34424 73610 51316 27563 91050 67863 30354 77028 18886 11911 48373 51631 25071 89384 3495 13674 44823 5838 57170 30765 19144 48720 48485 91260 75906 54393 74158 92 8998 44761 65239 7980 40701 54487 68232 37688 32625 38718 23667 3093 5607 21245 89615 76649 28749 64394 94674 88351 22770 89422 96738 76043 56922 54262 18262 99765 91851 77589 46102 34225 26469 9663 74646 46387 98286 34157 31012 9556 51128 10672 82661 37640 15481 79141 5980 82279 46571 24316 20421 66906 22444 60525 67588 54788 96698 76704 95514 56444 64004 7010 44149 87565 72330 83274 18849 2435 8353 9097 40809 4016 20219 31011 34351 79102 55458 36389 46469 29507 93221 28008 9087 58932 99762 34993 16301 42218 63274 9556 17537 53485 69834 40543 45906 3827 12940 11370 62719 50848 20336 31903 28462 97118 32620 68307 40609 40095 52556 84052 58016 11442 90718 43699 59986 69913 56327 93027 42029 21287 48337 48472 61506 7037 45750 28051 62615 13994 93653 21293 63549 56953 53724 25745 31229 76372 17766 74562 30710 96849 97183 40774 4043 20500 19395 74135 75719 42782 61304 87763 79204 76532 24250 70350 3481 23550 15032 38880 2743 29140 85880 72580 7774 27996 62066 98380 26193 15654 9204 86664 83681 2318 31148 92945 38561 48257 31781 19428 27058 1516 67090 40679 86000 86590 64534 58240 75537 61460 2452 6561 48753 63618 13374 45352 4194 414 9576 36970 6194 17498 89671 13009 75226 90023 74390 66239 64046 9062 40945 82202 75250 2263 11536 48241 69843 59841 90785 9390 71462 53902 22797 1662 34396 6187 4114 13293 39923 20270 23177 10011 29055 56415 69115 53955 30693 12414 32133 88503 10097 38122 19777 41596 20885 37180 83697 10617 3888 76302 97768 28271 18740 60340 83455 26700 353 67583 24448 60912 70083 76215 28772 44637 27863 20580 28373 97499 68580 19285 76100 77071 59256 75751 51048 54816 32424 62881 80447 34802 47289 20691 32106 23890 42686 24487 54337 8010 23049 20093 54219 36880 13188 72859 45921 28276 27231 73975 26725 76362 95821 45128 1565 69656 83737 52910 93463 9010 40542 52001 2237 90447 3311 36736 60329 55422 95200 68199 61429 47747 34868 28064 35099 33249 93930 31843 92965 54094 14866 18910 89831 21538 4899 46731 44607 7675 98154 85992 69354 576 30029 88958 99626 49072 13117 81750 83499 21038 40490 22266 36566 4969 2856 73845 42650 45363 30157 67035 97521 51092 58185 55684 13256 24844 3798 16175 53492 29848 12773 79627 23168 60816 39211 49899 92469 20074 6965 59124 40664 48035 20016 6206 32994 75771 6560 98042 84839 87108 32117 97884 10455 17953 69213 68510 77917 93937 12923 18106 24661 6180 22041 84530 87531 18427 87520 93693 48925 54780 16361 4823 55065 9864 74850 6391 6130 66112 26645 728 81690 8812 84370 43344 61467 90389 93414 15816 78402 24032 4996 84975 33766 92647 13032 13903 3552 75 1614 72944 90728 37732 68261 14304 58123 29837 98775 65630 25341 18747 87408 72378 4941 87216 96037 25471 37161 9885 13720 50480 45964 90669 26378 59497 30582 6863 669 87718 33462 6306 32863 41181 71674 50013 41584 34338 83407 46819 33132 36790 22943 25043 53988 67054 93410 85890 86879 86887 17122 13551 32669 54774 3752 96944 75686 7944 28380 60406 75501 96636 9422 85155 84743 67583 41551 51776 88059 61151 87112 97386 86814 52524 16873 69239 30074 81505 5695 49444 36533 83304 25790 19525 5783 70254 72721 28560 4538 14126 89461 57720 15686 61774 96405 38192 11311 84465 70311 69399 96934 831 39551 18309 68366 38650 27705 37266 61706 12782 30737 90056 65466 97453 30978 15212 62164 79157 58765 48506 16199 50809 84966 31653 13570 9134 17624 60096 80308 43314 7227 90868 93346 26107 55362 89373 62813 57821 21792 15995 61188 80095 3620 55558 24910 3337 98131 74701 18848 27019 79029 80133 74449 376 62013 27557 32968 16538 42627 99203 26306 13118 13773 73545 68206 52203 59617 49500 46230 32390 72383 74678 18556 3075 78846 64775 91372 92733 97639 81531 7279 61592 14482 90811 14890 59884 61220 28499 16093 9773 65467 73845 47738 12159 12834 83863 7822 913 39703 45634 84630 12339 37227 13163 65117 42057 10159 28956 88779 34331 39830 94186 84047 79301 96196 66542 1994 81388 47361 69581 85994 37434 98129 6528 47458 64116 49588 89808 61633 83299 80376 28849 91557 61117 34356 13330 33392 23034 57130 99411 45736 13510 87799 26560 91126 30191 70351 70782 73406 27131 69604 27099 19890 54980 89017 82465 62266 92769 75923 96362 48206 33463 10904 18400 31933 90992 79219 89255 22195 15957 63168 36987 76391 45126 94414 2666 38874 66071 1744 98270 46769 8145 1944 55203 91010 66767 49454 72093 21331 57133 31242 12288 42076 89404 26701 76876 65505 51401 29796 23373 33460 86717 2646 46741 65972 50279 8044 64794 10699 64498 71206 16222 85477 86717 8842 29619 62598 13600 17988 8159 70582 64747 9564 30908 55184 4501 73329 46682 45772 93592 38379 92146 60423 10032 63489 87083 4005 84077 19382 52047 91765 4856 73584 98342 98162 59011 34873 52530 60291 19275 50515 39007 60334 82284 11108 18010 65180 8665 30702 24821 22921 60671 59351 30947 30447
76802 47009 15011 41343 40370 94101 2366 1199 20743 938 47197 95198 81871 22962 8324 63657 31975 77873 14269 10502 44112 75537 66086 59147 1640 47720 7373 1997 55500 38047 93254 90850 99621 21763 71385 11630 72978 64816 22135 73234 74193 15556 87501 91465 67775 36786 68291 82589 9723 90684 5100 95230 48411 83065 57325 78810 25743 66990 36017 6291 4880 9154 56832 24654 22250 99579 72137 94955 39752 93349 67032 32849 96615 13224 7344 70982 10298 42091 12486 89768 56131 64750 19099 13387 83980 81153 1365 1039 47974 82867 88196 90638 82280 50888 76695 13095 22884 96792 60161 96821 59943 64637 49925 90685 37933 81308 13791 58294 85148 72880 54474 35755 30181 44928 32178 32251 6616 51725 68592 78442 40284 77165 25153 21311 89100 83296 97060 6666 30013 85783 98708 88435 52303 20170 57726 90169 54101 51807 87533 39051 95127 90255 32191 39152 56994 29505 83581 90248 70156 50269 55442 88382 39646 78571 10676 42408 424 89061 23507 33217 87114 72270 26576 83851 82135 65233 85178 65754 55461 61741 92601 76267 35424 300 26579 35088 84533 76656 96536 84798 54629 34580 69889 29715 84685 13813 23691 37532 22990 22381 10005 68852 5124 99374 80064 15859 23884 71525 17296 6842 55668 99292 50281 90467 3219 34264 75390 70802 62215 94956 95026 5734 1537 34842 56123 12037 23539 3228 88044 49286 11044 40181 20076 7554 63241 92020 57935 54474 79358 6142 29368 74739 65917 50222 2415 93166 35752 95027 20069 14925 10692 79491 36401 35769 89617 42674 88254 17744 16914 43761 6394 99114 64154 56469 28582 18005 12371 48014 30562 7338 41748 29254 23473 41435 67875 12457 70609 36216 45754 15874 630 30572 5916 60934 81713 95431 31851 29660 38948 98826 92237 6368 10743 91085 57599 64219 39511 50398 56902 6009 45143 36769 63350 69231 46158 48444 84893 1716 77891 67791 86559 76645 89639 52062 61822 4680 28963 41938 46260 736 83859 96880 94759 33680 82874 28443 25388 81874 96087 24580 21781 18712 56255 90125 62817 46055 12127 14287 44164 12168 76437 29886 19200 31826 90153 84268 78184 85468 6001 20386 50317 10809 21438 56613 25618 54928 53955 56159 26224 85303 38694 44590 35781 70183 67560 85576 7230 57482 19925 90256 65218 49327 42442 3464 50243 4261 96971 52009 2110 53277 55643 12736 35832 30090 89088 25143 37060 63868 23751 70716 60236 75393 19666 59494 13109 6723 55029 99101 43846 79010 11693 75825 29553 74421 99898 25296 65107 97744 20868 7989 88557 75997 87198 54222 16438 58609 30487 3206 48982 1068 52330 36306 42746 79792 45063 17911 40339 41464 58806 54723 69773 69589 82019 95255 94356 95587 15878 59495 83588 48899 44146 6844 80021 90548 63865 30335 95383 4570 64513 43458 8574 33471 11242 88543 89399 87673 53149 57671 41064 44540 30172 83682 81532 38021 71553 87551 42050 54419 88770 37758 40252 69729 819 32055 15119 8030 50465 96972 4144 21542 56256 59504 5775 15094 27927 64740 33589 41094 73788 57188 64284 70983 79743 53453 97538 67958 57972 46484 30018 68721 80811 63190 5455 42969 18746 53650 34643 88113 24764 71435 28931 28829 62649 82891 60461 6506 14763 75612 90284 42649 78574 59436 77947 18799 87283 35257 57107 85107 2208 40736 81952 8350 91544 7479 57290 1539 8181 38572 75439 95632 24943 40773 91746 40953 59078 76916 96592 4285 96136 80438 59317 48890 42091 85990 82643 79451 956 87426 92782 56139 1660 60462 55114 76478 30935 46024 44211 43367 83155 18494 12582 93493 45780 37820 50893 31582 59656 36621 5125 14296 78315 50210 76191 89327 28321 81923 39547 51393 76983 55246 95979 2508 71950 4778 54536 93984 24098 42035 66188 61311 74253 56740 62304 17870 89223 19257 32352 24816 83279 71614 92171 84786 22307 84308 46686 84982 8404 55770 60466 99951 71913 43610 97475 63583 95701 91187 32629 54701 89451 49335 26027 74421 4501 29537 31346 90637 77053 8198 56600 86313 67932 5150 52877 46614 69248 18209 96149 21841 50116 59194 50752 21787 12329 90004 44169 93966 41060 32517 85234 79462 5593 25697 76482 54835 35054 52495 60791 33487 84059 59543 83165 74032 78214 23186 52250 12158 8041 68547 99900 44101 52734 25246 13804 8166 83424 3765 80919 79510 34809 28109 44147 60136 73463 87746 89503 46102 39180 5399 43706 81642 22658 50928 79379 30949 94185 73003 11570 38651 50064 14955 5911 31234 99172 15920 14486 44922 35918 50519 6104 20718 77158 89702 89315 88290 56241 69230 30655 22832 97928 23944 36426 316 53003 40403 42043 74938 13501 46663 22966 46288 9432 4735 71625 60867 39046 19779 85344 93074 50374 70961 56581 32759 24649 24830 39509 41664 64483 11565 94127 23214 43855 78270 3743 90888 92507 18713 34836 85031 31955 28184 2306 6016 49009 10805 27794 29391 93814 5684 66075 3255 33125 70256 32792 50277 59287 5092 47315 67494 13996 50750 95626 8187 77166 61905 52197 58135 47993 65769 13705 91765 41280 88826 84412 81833 19742 2637 28381 34186 57546 3810 1954 54848 62557 13726 684 59946 70318 91881 15295 21544 34686 9572 12607 41214 87356 51550 47739 2621 3517 77142 21587 28652 67329 64377 67729 40267 21734 63547 57999 80183 15003 32250 58524 91245 65924 24729 28785 17763 97744 6997 28833 36045 72565 22524 76925 79003 49379 886 25305 71988 88286 99127 2533 35128 33729 90558 30552 22052 75667 78038 95782 45831 98430 75700 67781 47225 1392 64311 77515 97398 38223 43994 86486 56240 79555 69383 52567 94723 72335 66885 28974 66578 62822 86506 59224 23782 9221 73430 86656 42050 69013 86246 7107 76780 38296 34903 77117 10524 55035 84619 37418 91177 83607 25209 32571 26615 97415 37767 35562 5650 95095 52149 92103 64187 57766 48055 63289 45049 243 88633 89127 98107 27415 61708 60777 37076 27771 53990 47550 10754 33772 87132 98052 38238 87734 28070 39558 92922 37718 74302 27897 50101 6547 30075 4214 27389 53706 24888 51970 79134 62669 2621 13661 56776 76696 93716 17748 8734 38808 40220 17000 13760 92198 88418 67579 16319 72191 2458 33740 48718 60512 79086 29813 64674 24258 27747 74399 88429 29406 3034 46693 78257 91636 72424 26870 97745 12895 49270 87681 14934 51044 56468 29477 5539 25272 34027 1095 44012 92812 84373
23756 25515 47218 36771 29708 31823 44883 18746 91262 21640 96911 38769 96783 75926 20048 1074 8867 99103 66979 46489 34739 50784 60247 40596 45294 20133 9407 39855 53677 17830 17093 32066 45057 13648 3215 19789 6021 51703 98730 85229 59800 33259 73135 15601 64327 24996 96032 73602 92006 96443 8700 21215 77433 59198 20746 75780 48776 69981 27497 45700 95400 84913 1357 3186 17654 74846 43041 24778 11702 14509 73643 54515 75905 83658 79829 66539 78565 23535 33234 86614 72288 40072 6357 66883 63387 22010 18130 53116 93300 11296 27000 75752 84868 48595 58597 56907 52383 60854 63184 95099 2009 87666 41971 50528 4914 93908 34129 78915 32808 17818 53914 46328 52090 51160 37259 9267 13550 88191 75932 27034 73659 25077 90529 16589 56039 38079 5244 89275 44966 43875 31808 8579 58197 54751 28195 5180 17414 53621 5118 47326 32856 91377 29586 87721 77703 36130 14599 1513 94920 46741 80932 69254 16490 4912 53450 82625 49390 850 73932 29237 51950 12009 41319 87485 37308 51210 13535 57910 36947 8144 45937 17697 15791 18903 73256 22300 60929 6354 5182 52439 93362 1939 85072 88363 29846 20801 45209 92661 80147 56470 88308 51419 72833 5142 17531 46453 15041 21510 98970 69065 48842 80477 86326 57024 76272 33532 11399 33711 38986 38774 92148 7749 65554 24535 722 72907 79382 99411 37346 34575 75943 1917 1127 26646 41854 65770 32885 44608 32679 44378 19807 47712 45608 17939 64250 77734 72315 85058 33614 43252 43959 7719 88138 48797 41360 63798 27807 41118 44285 51182 42029 45243 20887 53869 59806 66641 94090 62811 76139 14188 95044 77050 96562 91950 24440 21656 31636 28301 61813 94423 56668 83909 59792 37830 53247 35794 38456 65408 97985 30918 76438 20223 80462 12871 67060 5056 6712 49624 95920 22603 58486 51582 93670 80216 23477 38687 27665 56339 7748 27720 7152 99758 35736 31665 63234 45156 65788 5360 5098 29 34602 9183 21937 33793 42007 82638 30410 72679 73472 49466 21579 16446 95459 96048 9211 21695 16164 60126 87750 54131 78155 853 80691 61765 79586 86890 35687 49931 42063 27817 35487 67895 67783 57228 14701 44324 95373 62110 12386 41399 33978 36830 58937 69455 80872 6399 71966 63838 27715 73783 66624 13929 12291 19378 14499 14232 22421 71546 31371 65037 40472 62258 5028 73957 18445 56228 10632 39928 17988 29013 5984 15562 29020 46575 6548 38966 41612 29764 5276 30669 80304 31724 97245 26232 4572 32739 69865 75114 57689 54791 19168 7496 11495 84647 8403 46988 81035 26799 98768 13148 69364 43324 20372 33660 66334 10204 98272 65104 29893 84912 11838 6791 79324 82209 65992 52878 73314 8010 29767 52189 19387 19181 29798 14542 30977 55514 31070 40673 27607 87769 67726 48438 5790 38982 58244 60109 62923 39520 75005 18888 42656 6185 96929 20809 96054 11808 21092 14854 12882 22337 20294 49214 61035 1846 43130 2124 50086 37603 60489 19155 86022 54740 93179 30241 30861 86234 27636 82875 486 90277 89455 37038 2237 81235 41479 82929 92694 94348 92088 21990 88011 56597 81460 92229 23632 99 43681 16897 95993 53461 22228 48405 87500 2668 41732 19281 45496 57781 61891 98904 88858 65413 49674 37383 73224 71614 58782 84587 12114 86522 30486 57904 84469 84222 52373 29391 75265 87983 47440 34389 98195 15483 78933 1427 34108 33875 90473 87667 25460 36417 43304 2355 68291 85921 63699 82419 41495 47675 75430 50263 98812 80482 5129 17228 98646 24718 4639 32110 47549 38241 59481 22065 80983 73568 5654 38966 96806 58181 15027 62263 62561 84188 93787 18254 21415 85974 82541 46973 41100 23084 14725 2174 1318 75158 11021 28789 64465 29418 86096 22777 88969 16913 85226 62210 58981 32625 87052 92150 37986 94929 82379 69945 20738 82755 42888 48870 78227 50689 80757 95087 22316 92990 55428 84990 76686 7712 73056 99547 17964 78621 62525 784 36639 32952 30947 51517 88819 26073 1700 52936 52287 87113 3148 68415 46170 10759 73716 33924 14974 12619 78216 6013 85089 78162 13628 23344 99605 74080 62964 97368 24461 42004 86733 71461 85910 98805 97510 80333 67280 79034 5186 8140 23772 79151 74348 21197 23445 58311 27769 26284 82803 35270 68351 8400 38631 46880 68818 99707 67974 60614 10945 77581 30398 15512 80874 34745 36550 74075 20576 17034 43982 97101 41167 66606 25584 78606 43128 81269 68269 72973 8837 56900 35897 13271 57336 77276 80212 90459 14470 93015 6150 95132 1049 15325 29911 44574 49979 66843 53132 8006 66624 54234 66438 91208 52882 4265 97210 14765 88501 57424 99858 84878 42157 90096 81037 54536 69040 60021 1350 2210 82793 75968 26693 74852 57728 16290 90584 91177 26472 73809 17925 78868 755 6117 60934 23418 68736 12162 96336 23485 35896 63653 9381 53029 93762 19127 35113 90681 51706 23429 75121 68033 56421 32565 84376 34173 53053 95514 64078 75437 96983 50695 57500 80014 18811 44863 24401 48927 83211 39409 44721 27021 74911 42789 68531 77473 37952 93545 30391 19713 73017 74198 69163 68163 74067 96312 9205 58593 55789 90851 16913 91483 8969 30459 85526 64710 71039 17170 33356 82489 18815 54413 84106 84893 36886 75959 82132 82838 21626 12985 9170 89672 7566 26737 49832 86501 99483 36900 60689 12346 45789 34451 25596 51376 98234 26742 31845 81357 81381 15732 79444 19095 34035 7738 56722 69630 22852 79596 39630 92778 34622 85444 37259 37052 71978 585 32760 6962 19335 18569 70730 96924 4731 79354 3520 48560 18702 18177 53791 21042 86734 53286 4062 65453 28199 95134 60231 18951 59074 5674 20472 69930 55089 98721 90767 32086 71945 90340 97082 44107 83476 95052 28087 28831 9873 77084 57400 61872 94996 60217 39237 95439 49972 9054 56822 66404 45421 17070 50734 92586 43917 95629 14030 36009 12107 25964 50765 16223 43371 25047 82873 99951 16221 17869 12246 92135 96921 97868 44721 92344 60284 44370 23863 25606 1447 48891 54710 49401 72492 9587 71803 538 28235 44910 88341 46598 22040 98117 56338 58881 95367 47060 22194 38170 66069 79795 92920 7474 15932 8249 15688 49425 100000 90685 77483 35629 20420 93237 7288 11857 50212 59328 81172 50003 27718 69146 47872 61173 68000 67348 5912 84641 62643 65679 64141 11634 18107 53606 41953 51952
27037 88865 89542 58343 90985 95813 32599 21918 77098 26843 63271 98103 15416 84510 81605 40026 23447 74593 59901 70327 20774 2969 10907 28500 51008 23820 69056 29668 44053 98109 55262 16701 73666 94899 30184 22879 33306 30458 49235 39344 1207 30372 83650 84419 62463 41332 43696 3431 53544 10460 37916 79503 18815 88888 14449 9834 50915 73197 55544 28549 89144 6210 29269 27933 5298 76725 36906 98281 59590 87849 93251 17833 74404 95312 12005 71324 25411 88427 79606 75112 66371 96575 8371 89230 13481 90136 2327 5507 62793 796 24284 38298 33148 53732 64774 67738 1903 64205 53253 24860 23745 440 18793 63145 99073 37750 3794 17999 85282 60961 37616 55725 25871 1303 17234 8272 13363 39529 15161 78093 67229 54224 34134 78390 18590 96832 95838 77002 66114 98971 88445 17693 1810 44892 71630 71731 38660 70932 50034 6511 55238 1732 54347 48362 73623 43091 29239 49748 71062 70269 27151 65620 45734 55487 94602 50065 43127 62288 18283 12361 76675 99109 9378 67065 62740 73816 60943 15977 60978 8981 85851 20110 5093 50149 88622 383 67967 60442 44349 95630 19759 33297 77376 92714 98611 44169 75823 98670 39354 36986 28001 50311 36119 89524 19443 44260 48390 15988 79473 79787 19122 44431 91080 46254 56978 77591 65003 4363 34018 97325 92850 53202 69390 10263 26840 96398 22577 33863 83499 38944 43820 70761 44513 40076 30070 40260 46186 42128 2716 60738 49746 30783 92830 75472 52853 81066 8564 36431 66840 88977 49401 47727 45468 75018 58743 76003 76044 91161 32733 39016 70215 21939 8489 18048 52951 97511 88133 28424 50189 88674 68077 96963 57095 42801 87646 69771 45202 10848 9552 82842 63779 83783 99213 74265 3144 20240 9868 2848 63137 69772 25268 74877 48875 11385 87388 84869 26818 65102 12433 57475 45534 85728 25683 50328 96049 86820 65009 22825 74560 83929 94386 53452 72511 82400 81410 14067 44249 23879 41153 38732 81208 19019 72861 30533 40627 7813 20860 7408 44063 57177 91285 93308 90947 49509 1600 27639 76542 79514 22844 38233 18405 71243 46643 76901 62744 66727 54531 23325 99523 60652 12251 54419 77921 29889 66618 77142 69470 68480 39388 17377 5032 82516 61468 43734 17219 16969 41979 16863 79865 15453 51125 5520 90316 94369 91573 37722 9668 12988 4204 48879 34417 66505 87616 44913 9430 2853 40410 74039 3921 21507 24199 37622 60544 26973 19455 82181 62282 81188 14206 29030 38312 18305 68051 90811 34052 93612 2832 28355 94239 18543 99482 25161 60898 18923 7478 69071 40253 70424 8039 4254 85481 62525 58732 52230 69585 24088 37689 67833 94570 48634 99986 60702 48317 26204 80336 53199 40093 21851 84020 83784 8586 60406 95246 73886 3701 23443 24681 50759 82449 85116 68312 46442 18883 66709 81537 20075 10288 81125 61509 86354 89480 82983 41113 26185 62669 69022 22591 15546 25565 53033 76867 15938 25919 88481 48829 33080 53375 97943 11271 45136 74891 50758 44821 68915 57201 10600 62768 86731 38136 35050 94961 3390 76221 37208 93800 92415 18694 53006 57991 30123 33527 81311 29476 97464 81377 4050 55937 71317 50392 57797 46255 69548 54089 31484 95666 78585 5376 24886 3473 6380 77593 99281 70109 23086 75032 76755 47228 34266 58775 83791 68028 38968 71450 89784 68074 59594 20923 7881 60525 9346 38229 12868 26250 3158 87665 443 62799 27572 3189 34608 26668 78670 47601 24346 97212 8286 34867 54977 78327 56477 92342 12581 19641 53889 73548 64553 52791 74913 5062 65553 43036 40932 86699 67714 97014 62246 49736 61259 63737 88912 99289 93891 84447 87668 71930 42301 68331 8941 93698 99425 81803 92234 53774 78843 18763 13526 67531 88613 93754 3224 73200 73839 69218 75493 34974 26856 73537 54647 31683 9622 33966 95382 14445 79277 10084 65385 25176 1953 64725 6306 8162 17338 79881 82958 78061 72536 19485 39468 54967 47046 7616 67527 28192 23721 23050 20049 95062 23122 58088 58357 5422 7620 74772 69897 5339 65505 67910 83731 55826 77969 57725 15086 25387 35808 92296 13817 80964 82463 71385 30038 70879 81114 67104 61181 41362 24809 304 48795 41425 50363 50289 45951 85326 77586 67524 40892 3664 37664 587 30548 44663 25296 20170 82744 17474 36685 87913 33902 2210 23042 22802 17789 49835 65757 9131 14492 13861 38532 32222 2332 26110 35951 31029 67168 87439 78386 41063 80164 26488 94836 54007 63928 22681 70391 70029 12096 56247 55223 93849 79760 60255 96248 27165 97533 4270 61024 32419 78703 74043 37740 68970 99067 69405 93225 15649 7599 27961 42741 95473 99797 64341 48358 33426 35618 65571 75215 29339 73469 33583 2249 8171 16941 71598 35249 10156 44800 74278 13656 44172 51162 8888 8226 46514 63219 69425 47036 42033 98956 96107 55240 39072 18418 76588 55335 9433 2146 81346 61731 48364 36313 45749 59969 69472 45116 28106 32335 10923 42447 7790 66093 83959 8742 67801 56807 6581 62614 69601 92237 69853 41262 89675 33700 56060 81952 53972 3506 67050 19028 26049 9486 3441 94115 8543 88464 11168 18732 25437 4170 23632 16805 56364 2909 93496 70065 18778 90495 6277 68995 3769 8154 15750 55624 2193 87396 23985 24104 47354 39030 73908 46482 12426 56808 99565 1652 22312 55075 43870 34213 76450 93375 19669 41028 49086 69152 56027 63783 63817 81175 51694 62470 85916 58039 10359 46609 66645 28570 19335 30597 16318 85503 24908 96416 91671 34039 31489 62373 13806 29831 84567 94235 59399 4397 97877 3405 45915 86184 6590 48779 13746 3877 63224 88388 80395 60763 718 44332 36558 90714 3155 12897 16561 30380 64950 48047 35010 83451 592 10217 7388 19384 94827 93403 83427 61349 91154 16847 88782 63531 26573 88563 48960 26747 14367 36146 77998 36434 93433 11859 91116 85966 50742 77954 46415 8380 73343 47540 14187 58993 38760 34213 13669 42343 58504 78180 22261 27215 38229 33331 9437 77343 19863 56682 95621 30593 16690 48840 49467 65163 41937 59571 70232 40415 60973 94527 32643 96059 80800 66834 90390 22692 49010 41614 84447 51699 17236 31656 69319 7278 42738 82264 1149 18637 39044 97454 88619 64821 36620 1675 28147 33270 99025 20702 73501 54487 19781 55178 75441 17026 55263 99984 23057 77285 44625 94780 94853 32443 85211 16219 64278 35208

===== 0c =====
2 1000 100000 5555
66809 1692 10765 78111 85872 36239 37882 38272 83383 30301 42366 36146 43550 99803 91257 83786 47045 53313 19744 37244 90474 79602 78794 73763 65892 6044 46653 78120 88529 69157 91963 95966 41911 24866 64716 57347 31493 1404 92988 62235 90426 33225 37341 17992 34111 66746 37475 78501 63184 94652 37698 84854 42831 28137 87112 81158 10195 11660 81564 36463 12524 97286 7726 80724 27427 88068 99125 23636 4633 67408 1607 4092 44362 40399 5856 45747 69193 93400 95328 89647 82859 17489 95705 31676 95829 88016 61690 67415 46404 38386 71713 17945 92364 90153 86921 81913 82830 65262 55367 89308 8545 42545 17593 20787 8965 12078 33698 3026 83111 58897 4412 59011 54694 47507 77275 56294 66049 55799 8182 87069 17792 49451 21615 23837 36427 48968 49602 99674 62 74044 45310 58272 92369 27795 83482 66590 89913 49626 95569 42005 99037 78122 83172 28727 56613 78678 58192 72491 4079 60939 32740 60098 52634 42807 27812 86739 25003 75594 46996 62793 84636 14090 72940 56520 49820 40485 75960 51279 63381 4109 23705 56411 31857 18833 26900 27807 15796 19238 68260 31024 7742 70951 40608 94636 26151 80547 25412 40542 92885 32895 90446 51732 75398 96674 44350 66770 76725 5118 63068 99494 58196 28850 55997 86241 76610 81477 9589 91426 79728 78739 76957 16291 13136 73754 28892 58320 56803 59216 3478 66099 71865 85779 53849 69468 99431 45301 73783 14730 16686 18528 22273 17704 21582 78847 86016 76940 40491 87889 98415 86395 19264 65112 11019 42329 91510 12985 95843 43897 76047 60986 71426 56471 45575 8016 2269 74703 83442 29659 35522 71436 63792 20838 63549 34244 43562 11 14897 36954 56318 25945 85289 13182 18417 26413 54153 23699 85765 56239 32495 97053 52188 50012 52432 3216 88007 31831 94569 41574 54172 5795 74235 24625 1116 72207 55058 56808 97252 22518 51414 87930 75580 4482 60462 93420 57468 83713 81558 22159 15337 92955 45879 29311 77840 11859 89705 13444 65844 37376 3856 49139 14041 47810 71537 13109 80012 9782 36819 53515 97330 46836 48945 99542 41765 54427 86258 51031 48158 69905 22589 25020 87697 32189 80535 70605 63955 76022 35401 68557 3032 78099 83900 2617 19713 4225 61326 42452 43290 79961 75082 83126 38504 77426 62986 53769 77329 28119 67061 40152 70333 37169 64501 45680 13629 36336 4179 89160 78687 93767 21305 57516 37905 39958 49431 31031 31720 6713 48825 78231 9364 9984 92237 40272 94902 354 85334 27480 8091 72439 64387 68888 6852 22036 11245 25436 31789 98881 42903 26149 22656 39107 34800 53772 90830 83339 11330 65522 34824 22669 77276 31868 80283 49369 54094 76584 55297 78268 60618 21221 75520 56168 47964 87150 99819 1495 92498 52862 72440 42965 4871 66887 91907 74882 3275 7365 46357 43596 99918 33393 85345 3129 48391 44337 5819 34317 74423 92869 25130 28077 10407 93969 96231 34561 16073 65507 86420 42040 55261 1302 3578 81546 71922 73572 42939 64065 94840 55850 97271 31654 8288 54988 40337 65672 66365 65090 90355 69758 64730 488 34509 40922 15645 92091 48453 75190 86029 7442 23259 43228 79667 33687 3069 32737 53240 84287 42268 66149 7535 91182 15874 9597 81972 14465 22260 84004 93143 60410 34646 44723 81065 12846 74041 67069 40224 94799 90691 67637 59407 35577 38536 791 25022 26177 49669 57266 4173 58098 85 38629 83981 79962 35060 53318 60175 24372 41101 19630 79247 63296 85221 88859 24899 96661 5429 42010 27404 5458 16020 16009 9680 83691 8218 49984 24245 7843 47710 96463 64572 8107 35198 85241 22009 80439 48918 54147 98556 14499 7782 34465 64362 22686 32505 33954 43085 33457 33661 56821 24658 76406 32592 22868 27308 47334 59791 80344 1341 14682 28291 820 62083 97774 17924 30502 20303 87774 67483 31680 39157 3372 90363 52659 80935 86517 52561 25586 89115 16493 42045 10708 54613 75838 53698 7942 90283 28076 170 74064 46975 38369 1832 12081 32380 92644 93723 55582 36769 64736 92083 57983 50281 56363 49214 51101 51014 58098 74467 83023 96593 93551 12983 27585 56936 45426 65520 89955 96949 27138 28970 44627 31027 3501 14122 66562 90226 73678 58862 80186 5742 80200 25139 11256 37094 57219 48052 4203 87825 57338 62689 96771 75453 56523 63720 7420 77902 59303 60596 16829 57966 47315 14631 86568 43133 58157 61662 20454 72542 17157 91987 50926 96007 81468 17905 60980 57348 52003 56649 13210 78696 40025 6619 11245 37719 30678 23476 5629 96977 77640 37594 85237 92447 87877 82616 67393 73475 4623 35799 25280 98160 6109 9794 68146 95594 40975 71032 17879 77799 98161 20756 30580 33561 39905 65557 33629 58749 59070 36380 30875 24339 59123 13715 59659 18690 80519 3676 88165 69776 14355 8773 62432 71026 48148 3652 24722 5874 70878 74622 96812 14808 68184 94556 83699 48629 61842 42556 45411 42594 35727 10973 31055 6510 3581 10167 42715 71220 83549 3784 65272 56221 91358 50797 89918 38708 1303 87941 16765 26953 98050 96306 96127 95806 29364 38938 92725 18310 97105 39617 99810 26364 93864 47174 74434 85444 86733 11744 11017 75229 86792 46774 54217 55817 26908 67452 23425 85750 24999 48099 64174 52506 34462 22583 49412 91744 82884 24535 33284 24681 22491 11782 50243 22971 38377 38569 70303 48122 13305 85966 80518 87168 69507 32957 49863 36515 10620 821 70697 7591 41852 35480 39012 86124 89847 85996 23317 89333 6092 91160 82067 52828 43294 23744 58503 39158 34568 33232 48522 37650 1393 9582 8652 50202 56641 18019 28640 61601 16364 26766 87573 27132 82589 24322 48115 29910 99694 13129 71797 78062 89777 11630 28666 70191 59474 29553 59266 63769 86974 43820 23413 71396 81023 21388 95165 18597 91666 7642 23861 92096 15937 86274 55658 64314 91275 52961 86708 82838 5184 85320 24030 44907 15967 76030 77901 86258 2048 11876 83572 57918 66048 20340 55768 76803 21320 20409 8740 68341 63980 34961 41443 89321 57218 58122 54687 97950 31567 75005 66008 56454 47024 42650 85713 46929 62937 3294 42632 43122 73623 99334 72634 28799 47292 17026 56582 57410 23286 48217 96582 80783 9008 14656 2692 19741 80437 55040 55570 24675 6230 58082 78299 63372 15593 37243 79038 44089 66026 22790 66380 27839 30058 90608 81211 21935 91834
26243 39163 14250 15424 94126 51537 78252 34052 10652 42688 67234 36782 45241 29708 39495 56817 15768 28492 65619 26921 96920 6663 64936 62321 78998 675 73535 92016 81320 93036 81850 71395 86394 723 40200 38408 2952 4977 90046 66840 27207 7533 62389 6808 72134 97206 35398 68910 83457 2669 40106 28701 10005 98236 68224 77393 11501 77712 62275 83024 76959 92941 32024 90218 19084 95844 24296 73207 8085 92836 71037 10411 4221 87701 12996 94956 49412 46500 99549 11361 91825 97956 26283 79593 8251 90349 56618 76893 98093 89060 13720 20473 21916 4897 38630 99632 31002 63865 53368 6115 83927 83410 1649 51235 50561 81778 54324 92998 62201 92617 62411 13035 41160 8196 17216 78163 61136 48654 86084 44906 55718 65689 46540 64573 39084 66178 48395 23943 88815 6657 88203 37968 2139 86418 26065 21580 29398 23680 23857 49107 63931 69263 77593 86379 84194 59411 22756 18854 35790 7891 67060 43845 49451 74095 53016 79602 47899 49448 79986 54636 54279 32132 11353 679 15508 72054 44725 23062 87914 12885 35 96620 72021 58817 77707 15929 9853 53181 32755 9948 66471 59019 49353 33338 30125 39568 92800 43777 73805 36419 80256 87012 30470 85584 91502 41921 37975 12521 28263 61137 23477 8387 71105 28296 73383 32486 26014 47289 49400 26961 84370 62638 17822 13505 58861 89030 92838 94380 39072 72495 34568 5415 87268 22666 73010 44686 86958 13716 22075 61055 84186 54575 63111 94233 8869 62335 22749 37818 74842 91834 67052 98499 602 20436 34354 57866 49418 26985 22090 7763 57111 71492 46859 61060 26972 45189 54625 8394 7430 89104 62956 90901 5035 62599 49669 82179 42923 41190 52043 69463 44386 75200 33841 77781 51017 55425 40224 58732 46478 1900 87056 96298 89626 84704 91901 86185 8442 93880 27124 83027 1877 34489 87345 9020 42668 72820 49641 95408 10812 86995 51293 54318 31970 72509 56926 29391 17169 21450 72072 11490 80025 59782 50499 86374 11594 33835 59141 99749 84517 65790 41076 47640 24783 31566 42750 29067 67413 12910 3338 68535 13520 3465 51313 95345 64526 40238 63002 27872 19346 78100 8956 67248 63840 20792 53094 72856 51774 92770 69258 99501 17340 84843 67892 83215 7014 87811 15494 51835 76056 65730 48211 19909 24767 30876 2852 15374 11180 157 89241 35529 46780 36916 13491 80415 33017 63411 3834 84524 45400 59656 73531 56247 98074 33669 28797 88661 57065 78158 5912 87322 66522 62316 71256 1892 24147 26830 77869 93885 64420 38619 60532 40843 15682 84192 37612 69308 37648 35140 46911 96082 49695 88480 56878 35521 28928 67161 39568 75933 86607 99843 22054 6623 37626 48113 51463 67282 31869 20690 73071 22308 49745 10411 43436 74639 39167 63895 20641 57347 8081 93322 12514 45169 37753 89378 84751 78295 32438 46758 96624 83504 82172 56451 23857 94027 81684 92720 16352 80550 60820 25361 92811 2691 19099 92561 83545 42999 89992 28862 726 81234 29305 14994 78731 89386 58056 52772 68003 35741 72375 62837 58366 85204 6615 42096 69492 39552 12606 20413 924 89894 19988 18486 60587 2775 76940 56137 16859 79936 24278 63249 10576 74100 65548 74307 19117 81353 81841 35839 3920 11982 52003 92445 9938 17006 88976 26473 12495 76239 9680 30831 90377 84147 27205 26246 63399 69064 64127 94471 91416 14892 60094 44398 53388 46404 53567 19681 38976 2791 99211 41063 71119 97157 7378 21157 74193 41300 39179 76160 63280 50882 89809 11631 98660 48675 1338 12817 40850 15957 62370 74631 74196 79602 407 64555 36659 69020 48634 28593 96813 66300 77802 4268 16865 12586 69399 40854 76037 44283 25064 40488 47225 10538 8284 57711 26416 95918 16325 72710 26740 2460 39263 26824 76842 406 60071 95869 44388 939 38589 38801 72331 69893 59746 48551 48996 91322 74794 27198 17037 96328 76433 97268 43596 33777 17056 33041 56941 70047 78024 1 73262 11667 52316 26653 53034 16863 95287 41819 91302 70633 12178 660 88904 99007 6342 15636 53342 407 12641 9390 12161 49148 21543 39902 64327 48089 3729 19975 49993 13174 76164 64486 33561 73179 77686 89676 44726 20836 7425 77714 1494 4945 1700 91242 28521 6723 39572 22293 57450 90255 6328 15382 21262 17896 60708 99415 45488 73151 5081 53223 94597 9165 51845 15110 91717 40614 42842 48433 44346 63389 86272 38846 65908 77226 64525 19768 83500 78487 31054 24803 35926 79890 3058 3559 330 6157 80725 47324 45464 57841 47029 95541 85742 16167 12014 81853 69334 49650 30508 72 52275 94255 8524 81627 81693 21168 64056 52001 66199 54666 16315 77255 84680 60749 54882 14989 17351 43453 80412 31494 6759 68225 55588 50397 85671 38476 61960 99510 89465 12673 55227 60758 72908 84493 67271 27311 12260 37502 14761 65428 19640 81559 55354 84027 71423 35563 22313 8454 27572 28957 24333 18152 21670 78227 39661 86734 14991 49141 5429 99438 17539 94773 44431 29095 61447 64438 2794 71404 92110 99319 97323 39181 92389 69954 96526 57095 1521 19721 25794 26330 75880 595 71987 76888 39006 68954 28265 80930 15980 75903 74197 49976 41506 75634 51971 46823 57075 6829 3337 63257 61525 30840 79618 48556 22734 45086 79766 46682 80823 18206 14282 87844 94559 66747 90235 52298 85179 82333 83938 43546 92367 67184 51214 86831 96794 52576 35786 42470 68915 60992 99953 52146 10255 99493 35403 31671 17642 73546 29737 97919 49993 37995 70567 90716 3077 91479 14852 33948 65439 42669 67321 68566 73893 38444 17713 1581 33047 43233 80806 57857 18419 88049 12639 67660 39076 78335 69202 65393 50133 53437 80644 25213 97335 21888 80834 79947 23299 93837 94536 77066 8943 45014 58327 74687 48690 25800 51508 20506 34495 42783 32170 31099 93992 94880 30697 79102 52718 2914 90743 64798 50903 80602 7655 35554 9444 21939 18260 49938 70324 82265 12389 98173 61818 37734 45552 87146 52971 39592 36386 95329 97383 48677 28708 78046 70787 78732 8754 22045 73855 21459 71380 37866 99006 1479 64816 81304 83156 94151 21397 89041 6786 61385 64446 67742 71390 91531 51856 23641 64855 13910 51583 77627 5643 31118 33206 22828 22813 16177 67194 83080 65046 67081 74305 8257 77075 12005 80438 67669 86035 69780 36973 12604 67475 81206 27274 72379 46780 35177 91047 60733
17560 48870 30203 75279 24679 21800 36673 16822 26086 42517 13770 78366 46290 95586 99232 85925 67665 73319 27665 82524 94001 93534 47544 77642 6679 37713 65710 29757 55324 80878 51226 61596 15718 60470 28550 58089 6920 14376 68712 34955 24857 71699 26417 21021 46291 19451 44332 77064 89615 91790 34438 35121 65647 22197 41250 17985 61270 46729 48152 68218 52652 29238 72394 8993 56418 24615 99718 28636 36080 79385 42725 35045 37046 78929 20270 37192 11424 72716 60746 71426 97677 33123 94736 31929 62594 11876 37322 55885 55276 96591 38431 18665 96077 67646 17406 73222 81256 55106 39665 4642 33087 35543 40506 69421 64814 98991 77603 19763 23952 6354 27460 64561 7344 65477 79713 34675 62327 70085 35223 41585 98428 87130 67860 85570 53417 58902 50859 39397 76951 47009 9783 16658 32712 59248 52077 97831 5971 51061 56827 38621 44801 40178 81137 82338 2546 18159 61116 92502 14821 74945 76625 9629 6564 66083 96338 14028 43065 14157 62770 41295 56197 36839 23478 97990 97773 13096 29810 61645 41351 77201 16447 14321 8526 21288 16006 51673 16120 20375 19193 1801 33258 18493 25227 51500 9763 45218 20979 2495 48278 44958 96163 78207 3164 2064 65847 46704 10364 69963 87580 96209 22004 8239 3120 48001 19369 42636 31250 60799 77138 76338 25733 37388 57526 46678 18166 8589 87201 81448 37820 90929 2892 66 24477 711 32995 42555 95566 45285 93838 37111 36852 13509 46310 86255 84839 94390 70830 80666 44745 73355 93801 5972 37640 49723 7629 64762 22406 21728 3810 61513 7276 80082 34048 16915 3412 15967 94219 78920 16246 57011 9197 18846 82418 88020 10766 62801 85035 39822 72527 11942 29925 84306 30944 81191 22944 29909 83132 92713 82563 28762 13330 72491 73992 32258 44288 88359 35393 38086 31945 47986 73401 21634 68197 24632 38568 40498 45535 56598 12606 86071 63745 88603 2867 37147 56540 87963 84443 32103 11793 53171 38198 44370 15825 41574 5571 3494 36145 46671 92745 24192 94743 92641 15071 55665 13347 16941 90965 31199 74464 1096 87172 94574 99595 3499 34810 55270 28673 65796 37987 28410 70559 88404 81860 77284 42854 67342 42067 6760 62349 196 68473 59246 55798 20022 14269 71895 29326 88924 25396 90260 41825 46735 24066 69702 41856 36845 70282 82400 94639 24959 37686 50640 81022 92563 92310 29727 53558 88663 93096 22332 17711 78151 29084 1849 89336 98008 56316 99739 35451 75321 59754 25295 58813 16460 59042 40836 19964 2252 94869 81464 15415 90973 41161 94796 64657 65140 8909 53642 66170 60797 94873 5209 48633 15113 71247 41997 52490 1198 17636 35374 48166 58750 73268 27343 77830 54167 32215 93780 58977 47878 99378 3557 93350 49058 70899 93175 25817 27426 55552 25756 79804 83510 30116 58192 55322 63925 16832 44817 86269 8720 7073 79461 90580 81174 96312 95466 61000 44933 10421 50617 42774 13445 28208 34235 11559 90565 11806 24996 65144 38395 9572 76884 96945 90539 34246 2234 1282 38034 44708 25068 85091 73843 31263 70956 89997 14297 87986 52542 55118 11498 3577 21491 57623 60410 14976 654 54622 1932 77475 78614 29514 77509 52522 52005 11660 62109 22294 90703 11560 37848 90015 76767 67997 36340 99470 21407 66927 81184 23037 36454 78360 67589 36851 87118 12648 33806 26939 25875 55337 86073 61040 3888 14257 81896 87857 62717 14119 36318 90060 88839 53088 94077 56820 44328 78136 65098 94073 64281 42434 46761 45124 81385 87322 50703 50690 42305 17475 11111 7523 6277 15796 70662 65112 1851 88608 68298 2018 5291 56959 2476 87606 59176 11457 67159 88142 1636 13091 49107 38000 83345 45453 85273 20866 50345 48645 51782 40880 50475 93999 26558 72561 90771 69269 64661 24276 13003 12845 14508 72766 9094 85633 27877 72177 39470 61120 18551 72269 90368 33685 99904 33889 77655 45733 38413 98342 27089 33814 94049 83980 84573 74955 13250 98715 53376 43128 78581 7532 75263 96875 66195 438 33826 71074 40057 82734 36200 43967 96559 90203 9233 10693 23835 72244 69073 62844 43336 8180 66298 58584 18761 60979 89683 7453 23571 76707 59730 83476 82878 24049 10587 64167 40413 94020 35432 97792 83027 81636 63889 41603 17164 59079 42492 84866 45127 21771 1873 38157 68386 30204 32370 34712 39511 74394 47911 26434 26328 97674 4869 62270 11243 58960 39534 35627 83653 34046 10918 89059 7591 22225 24647 735 94731 46760 82521 49877 56416 95384 47272 16070 6572 79622 46609 45033 55391 80893 45921 13297 26342 15755 2407 89264 95743 53488 44471 6163 22948 94269 66961 30141 51140 43962 99193 89909 79606 13009 94026 80331 31942 2509 77695 17887 14342 72326 14360 46589 53600 55605 78286 433 19041 13392 10775 21213 75224 2444 62630 9286 14760 47682 22851 9749 7437 55220 94954 19991 60035 25185 13529 39897 29905 9164 13400 18137 16874 60847 49474 9452 63882 22313 36352 3393 47607 13955 70844 33059 66662 34963 9889 99655 10874 48798 75542 62088 29216 26580 49814 37072 10514 74021 89385 77868 31434 24282 64950 48429 71579 27649 2527 56789 73249 58009 50230 35520 45719 98028 60435 11898 83951 53287 45344 63660 63286 43544 7600 99408 45997 85993 8981 26398 29878 61344 5269 76342 11079 87469 64375 50745 56541 76065 56666 50566 301 48588 96915 38655 54508 97987 52401 83819 25586 45630 33474 60699 23828 3097 77165 40530 29511 76146 83877 26194 84806 58563 16203 50405 8559 87649 69949 28373 65156 10037 36685 23001 18031 36455 16046 35983 18144 12575 67829 66789 5047 80528 12987 20555 63385 99410 49404 23983 7290 46462 8673 98798 55433 94261 20998 89609 29975 31818 6148 95869 7737 21278 31791 52685 12240 47771 5089 55642 34030 35979 11385 82935 42472 84608 29331 33237 51717 63901 63498 94704 82587 93197 25450 23622 44525 91597 51558 42234 62402 50459 9720 32678 66471 61905 42888 72440 67279 26756 61779 74940 97012 20622 50120 28068 78516 46986 87543 83859 38686 35710 66093 8459 30485 19356 14538 69507 59042 88848 61150 6639 88650 34794 3092 36306 56093 44690 55204 65005 82587 98667 6532 3186 43870 62592 57307 56002 79063 65982 10475 86326 88494 87628 13330 85819 68999 53716 69191 35988 8296 63423 73814 23326 50071 28749 40715 3719 17089 81278 48559
53892 25082 34410 88207 44526 45443 31513 41890 51404 84911 62916 50057 64467 94497 44879 64976 94662 75594 15433 80252 41675 82796 24307 31900 3153 31550 9003 34865 51977 9255 90529 56916 57079 9256 20066 85263 12906 25443 19753 70334 90647 19191 69506 18009 92478 22826 70271 32026 24303 31658 25665 51936 56358 41486 87644 84315 33460 12304 43084 93870 20353 95294 15374 2592 61178 65835 78913 6491 3079 66260 72216 57077 21389 22314 50982 47138 70475 32621 46422 15539 46446 89859 67605 64835 71362 57371 85050 40519 72639 78260 66473 6042 9154 58884 7807 23053 72962 91549 60696 64755 66083 85296 33821 96888 11833 43046 90299 83978 25793 93615 30346 71913 52110 6208 46804 25174 65908 24632 84426 37087 22806 13632 37723 55518 26426 49263 53355 88730 95691 70090 50069 2362 109 41107 811 69558 94515 16461 90686 75391 52410 70426 90396 47592 50804 94358 73172 60513 25184 94354 9687 68829 14438 54065 80326 27782 60593 17423 20273 96703 27969 46244 14601 90834 88935 79248 42412 52444 98806 13239 36200 94340 93479 61936 49581 75850 25896 3622 79481 31462 83824 17610 14094 98232 96642 31947 29412 53727 67527 21369 59244 68275 73206 38900 3915 45945 18766 86139 60936 46128 7297 51117 89397 36664 15051 54007 60371 18470 24738 13378 46744 28194 61623 75478 33338 20354 3184 36910 76326 30599 43710 73841 96915 70020 53584 53911 23538 70013 23945 95654 52275 70724 73411 34585 12227 80631 67063 53316 63930 5954 53052 92256 20594 31582 17758 30811 21175 54761 65085 49530 43863 73597 87861 70497 81368 98993 45779 86639 8441 9437 49598 43470 46693 72076 53646 31546 16671 13465 8083 97616 86467 74517 8403 44808 71292 34243 73894 64718 472 90300 42910 21160 83301 89080 48371 67261 21890 70805 83793 22393 62701 8648 54575 50369 74009 82679 20099 77848 7751 49941 29008 91463 30191 80525 84660 17047 50937 69575 15985 74416 39738 50987 78569 84614 66186 1856 38770 18271 351 29713 7227 96361 99472 85389 53906 79443 54866 34418 81790 11888 22766 2269 15118 19950 15560 99073 87002 7598 19610 70860 51002 13436 22154 38832 84178 97253 85892 47610 87924 24172 36177 26026 16905 12866 91225 52671 74578 21467 9980 82710 63246 22439 82790 35683 56844 96366 59263 16084 81740 42142 80604 63662 61740 83826 70056 57066 11579 10303 9361 42230 81800 17187 82043 1336 21190 29839 30689 27889 52441 10637 17271 39202 64320 87457 90404 79625 90787 82943 46439 86422 86717 95655 88597 12865 90709 88703 33992 69744 59233 15245 60818 60549 80108 5419 58282 20701 93089 14742 49495 72041 99269 98259 44168 27863 56162 5565 2818 29348 50426 27952 12719 39498 83753 92201 85442 4576 50683 91515 77268 12973 66181 41220 95278 62794 36456 61875 47061 53289 9395 76875 88334 72343 69018 18940 33609 61762 58609 44934 8279 32830 29919 20326 36003 43249 46110 495 37805 48029 20025 26067 34434 99759 73027 29966 33541 29421 63728 1753 11740 64196 75362 28203 4443 77219 59396 58594 84878 79054 88256 8679 58050 47127 95126 39588 1205 72449 90380 34261 43580 55489 70394 99970 68076 72915 21058 73103 22485 67678 8275 38888 12504 13155 24391 32616 31617 46058 90075 30567 42571 21412 19632 80238 74018 97872 43529 67926 68213 59104 96859 80269 74879 76038 1615 85765 98469 67144 68842 36265 86241 9751 72610 46351 70686 7078 46825 36683 11504 26583 65671 40702 4298 91548 22644 67 64456 64477 82254 56182 74169 34669 69365 2251 10975 79571 74705 73649 99565 36916 87457 39 86883 57169 24035 78497 32459 11409 21585 99140 64343 59238 81286 51369 2649 55150 78220 94992 73687 283 66809 61373 74843 62233 66882 42273 82589 61747 48715 29030 70221 38356 87716 22242 35477 63096 65438 39430 77474 42757 21846 80335 42685 13882 52062 12429 24020 2984 70874 36172 63281 86222 47040 60711 92640 59801 45815 82335 67586 7256 91010 84519 33172 67997 39981 67043 59292 13165 49104 88936 92584 2139 80188 52938 32450 4615 49460 52506 42413 49964 63490 43847 18018 65998 32352 44179 57164 94065 53740 60398 19280 72644 19923 49495 91487 49575 99121 72118 97272 44211 59012 94380 95496 72002 68061 14716 66793 1861 8172 77868 59524 71679 2320 47499 94231 66298 48100 32935 61467 21156 60420 52742 57000 11734 6470 46123 67072 23384 80311 65683 17066 13820 77282 16946 84574 86574 53610 4353 80854 88561 68121 97932 52354 20618 62403 91585 18414 60767 34095 98783 56058 70215 13607 70055 66872 38730 9926 65766 99275 63954 56550 24104 58542 50969 5905 66749 76063 32543 28442 6431 11777 94251 73987 35744 92737 20065 12453 71865 89944 51544 1403 74440 79804 4503 56241 16960 45449 55209 6586 19950 58797 80344 34331 76146 40511 67562 92283 81399 33291 69817 23360 60305 52691 79379 31950 71787 17076 76111 35378 9543 75173 31554 21344 49837 93474 65338 30060 42747 98975 10871 85 23944 66820 9947 33163 94220 67450 58621 84485 56894 83004 87049 95222 73662 92156 27584 30497 28111 18688 45272 37512 57172 12121 34367 1292 30582 46666 21733 48976 29210 68680 18295 45586 12786 15692 4866 3068 72204 43226 46466 28326 60695 74166 68402 38361 20010 67728 18648 16762 22378 51365 95374 45152 89130 98428 2368 95490 54714 64679 2409 66036 74569 93481 69334 18835 36548 92002 49331 37275 16927 86137 26487 10220 58745 91630 41275 27551 4286 18569 8844 97364 5770 55000 54033 20448 56442 84425 46760 12582 62823 10992 20787 9307 3783 95652 19700 26509 7869 31601 959 49795 77521 46556 31775 22604 37602 19814 53046 58837 71789 50515 27574 78135 3073 62964 62411 23737 45334 18526 29499 6671 77941 88265 35882 19904 22219 60935 72470 26121 10198 92848 11185 87980 78716 70510 98697 77959 74963 19113 39696 84481 78241 22605 56813 89878 2023 54825 63095 52989 9131 2070 39745 67454 86401 22616 83256 54626 68809 69523 28747 18326 91747 80574 55061 12997 85900 50356 83526 3333 83650 66347 84684 77926 20251 15401 1542 92046 96697 26608 29743 50348 86149 72866 80634 26654 49559 2776 43967 59 87299 9335 261 91944 55 6954 15173 65703 20408 38765 61720 55867 10150 76723 57106 40519 469 93187 13837 64213 78338 29054 17120

===== 0d =====
2 1000 100000 7000
82332 54416 47339 69840 89913 19685 60303 14574 45396 79847 16893 34019 84930 57132 73228 18548 58651 59957 86158 70464 19523 72295 12895 65687 23941 23948 12857 85032 90612 83435 46019 42042 43653 54863 21426 4536 42670 79429 69518 8456 89153 43320 88310 40500 45219 58378 71148 31841 54121 53691 7640 28143 9006 22978 89968 53692 4207 29189 27340 42642 29029 54264 520 55769 46975 19733 6607 50181 61113 17775 95119 79542 19992 70091 72936 53401 7671 54606 79444 4953 63009 21235 13282 24362 77269 88285 93905 24687 37020 4596 90900 12954 47645 25595 18319 59388 67285 45042 58133 35924 6928 8485 39174 11546 94292 14534 12136 23391 21985 95593 67924 11341 96378 46096 69993 40860 44013 68749 70669 51038 7341 99532 73540 43118 37271 65139 67280 62568 5835 61254 38818 96791 5334 98123 85624 53020 11197 78988 4621 56049 56130 76247 30330 10585 54730 12811 85925 97665 16203 30919 4211 70635 88579 86148 11489 86949 67831 55818 15479 15132 22512 73101 81642 35538 35970 72805 93710 44981 46276 17142 38948 51853 70054 97242 10125 2457 74580 85311 52780 40350 39933 37053 35260 61943 82091 29003 53093 20167 63568 15423 80024 5722 90572 70501 49187 77936 17549 24657 53809 32288 45234 8634 82558 48589 87677 23793 53520 50654 88668 36382 51355 70795 940 94160 17938 55439 4976 1252 60585 31573 69452 34277 77257 38334 52178 48083 53567 4806 34715 18275 59778 92506 51292 19884 49200 63744 91036 91249 90877 62858 53888 44383 54126 91729 99981 81176 57431 97500 45604 95518 89589 88303 38613 66426 3116 46821 80422 69041 81004 41851 99112 24333 58728 55033 54379 14852 61575 87655 8105 39147 47756 12211 13908 43133 77474 69187 33125 61297 54596 16079 80744 63927 58446 13066 83021 65889 90137 33792 61875 74177 68652 46212 33821 11602 99023 59142 54987 36019 78096 60402 49989 46289 9687 96877 20917 59991 14105 64488 21093 74490 26038 48967 15121 56501 26723 99782 48844 80022 87452 11269 22603 11220 20964 72434 58318 63341 40615 52494 68438 4376 10464 17187 4960 56530 29801 50337 18154 64798 25201 77945 25260 89479 36657 10848 24736 8261 78145 71616 70650 38266 8125 33979 86554 59663 41804 44597 14256 60828 54668 88882 12166 602 22088 51248 9946 56703 16108 15950 8063 3608 81648 36209 66449 89326 90858 32433 84167 36567 11910 39872 90100 28936 70163 56488 73716 72763 20345 8682 94424 52520 7152 64922 74116 33023 11714 94310 92292 3099 99943 57618 76604 33176 90073 74172 90208 90753 70035 13650 27968 23363 36831 63836 3458 54897 42596 76547 37502 13501 4711 25317 10254 27691 70066 93042 74542 8587 80568 95759 96006 77311 94475 8123 81320 10709 30576 53976 5027 1191 96694 14711 98558 79541 47048 22174 1039 32620 94709 27707 88791 47626 11260 74789 1030 37775 73621 43075 68790 65761 95459 21800 10187 60546 72253 65453 42323 93176 31017 97502 38632 25631 47166 53048 89625 34506 28665 4356 40765 20177 5509 77267 59394 56600 35087 20126 37160 12772 91720 56863 22325 71250 23241 90646 54018 96628 21793 5500 61155 75122 19306 49327 2906 3657 19937 7399 65849 83665 55911 12518 84515 93540 99034 69872 98827 63926 69848 48227 58050 56878 1256 18812 38466 63551 69538 34131 72400 74442 24833 91159 77430 32973 55982 89722 15976 26960 15265 84776 21878 10704 97496 70529 80373 85803 94865 5122 64570 95111 72055 52865 83856 72283 60790 4355 55885 6495 88236 29527 41819 7780 65017 37329 51941 88239 52291 5447 32506 85446 59850 32871 22627 20749 37181 73745 39192 92116 46039 74202 39670 14907 39902 37231 67138 34903 51949 50175 71749 36364 32086 49963 68361 69574 88495 81018 66864 45389 49541 53001 99062 64323 43507 41750 88055 28541 25270 83753 26367 56654 1663 69384 88303 78255 64207 48997 63141 71554 41632 11159 51290 74494 33300 18002 22723 67345 76720 80190 1285 7917 1719 15133 94424 78531 42056 28589 88391 63833 15546 37634 24051 88424 78072 46040 51116 17091 80790 94022 32433 28788 40748 36855 9431 7639 18801 25118 53592 69559 40957 86707 5506 83347 85408 79027 62898 49203 39957 10846 32953 15111 57679 61576 23486 14276 64008 35003 28651 61348 38314 68809 43311 7141 45754 39910 62167 33187 40815 2714 2192 19723 30373 96620 95042 31740 80749 22327 36734 66770 7244 13458 99124 15788 1261 70833 51812 27745 5924 4548 49246 58692 6542 63277 87863 27076 54777 39124 31523 68174 60072 97454 1761 21463 95316 14024 51795 36432 49665 87462 1399 71946 14276 22149 33045 19155 65979 71554 44412 38586 26729 66230 40930 32325 19124 42330 63178 31598 73718 40532 89143 88798 34205 4998 8390 31838 95522 81326 41242 76861 7270 72982 63616 75565 43887 35357 39746 67260 93891 91314 42420 59806 96031 35973 52994 71842 9714 6571 46960 2105 79780 72091 56745 33988 29538 17985 30530 51640 51467 6032 41681 22898 68790 78046 49070 80021 31906 60884 96146 55592 52655 8442 75357 34095 87209 24615 42296 57193 98258 64407 86033 36554 90407 32802 10019 7620 74552 84020 69400 69177 8644 76226 81607 12634 70418 76504 68007 44889 48152 51443 59247 5302 38756 5493 42891 63021 55834 44625 63022 29285 41322 3171 57814 95815 23381 41590 95970 53477 25825 39509 86550 22877 69308 15096 13445 94425 10398 57833 99831 89312 21127 36847 21513 6051 79012 20416 25090 25589 56676 78739 71908 13994 59630 99780 43981 5456 58298 73421 65302 25618 13055 86828 19669 98757 90170 7628 86987 31930 4408 2023 40996 52196 97170 1205 52582 29837 93093 88987 8204 72973 95338 25949 28096 72989 72914 14476 49550 58523 77248 766 22586 83822 52966 25618 77852 37356 3567 49358 90912 97899 65947 45740 82079 74886 63793 49208 17194 16017 70052 53205 53057 59834 18688 23783 37207 49392 72296 51762 69523 92691 94253 19445 79676 45468 23123 84696 1782 74428 10858 7439 22839 92767 3708 48268 32104 95624 53 24678 27739 5399 56878 6574 77319 55750 42471 60788 42820 30434 96596 14312 33073 28538 12636 99780 47820 32411 54326 14080 32280 38170 35588 72545 48211 13276 37940 13860 97598 31481 10389 68206 78653 67412 42565 84826 7973 42694 18600 4989 56651 18232 50838 18614 70345 38296 78908 16093
46423 15626 67155 14635 3837 41033 48581 39927 48434 17033 46298 84135 2759 1411 46711 4306 29297 98601 97261 36516 53511 68407 91733 14926 20816 4943 44959 42012 66214 58749 83429 16358 93541 88433 66780 78342 44834 15003 65971 41534 85618 65609 93723 25136 67285 99552 55697 51215 65146 63278 16575 23272 13275 26445 10587 45316 3030 61208 98962 11123 57508 34123 87334 8105 63170 66568 60218 24775 82715 70975 92087 3525 89201 66670 99287 13697 687 39741 66855 64843 2617 42172 56266 50259 64417 69599 48241 37846 77128 53126 27178 75353 91281 3665 31053 12312 86826 75809 38855 30144 53525 9228 15752 2840 35034 9949 13284 78550 66535 61153 95933 92826 80942 37737 56377 85517 94530 41226 83548 64309 4420 43499 58907 21581 22435 62810 73186 25774 35523 95743 20229 52655 13073 76392 4639 65509 56505 52373 56955 85887 49596 50524 79638 21121 92143 62502 98585 70217 3314 69314 23091 37704 75482 70364 1792 61536 19076 19452 6630 15986 72909 75232 32157 2739 6144 36377 93551 69347 52950 30083 96555 86374 40764 86704 63219 10599 69759 79024 67212 42004 27374 67498 84289 62016 94637 57169 21465 24185 14292 60435 78476 66945 42750 27847 10116 1898 28612 75231 3450 63606 27190 89633 61942 28257 41640 67772 29615 88802 34891 50168 37822 95487 42324 55970 42495 87164 78605 80436 61413 33055 5943 98744 93521 2339 97914 65866 10848 88029 37403 29586 68157 20933 8855 92758 90304 29559 1104 45811 32976 53653 89846 76657 13325 52452 72281 95313 90959 10851 62617 30825 18339 57283 3841 53294 25619 15696 86962 96583 85616 90236 438 39675 81833 75418 81124 44175 25322 61561 31110 17085 40788 46340 49330 46808 87035 43495 67477 42197 84236 62345 59953 62139 10298 86120 89849 46260 94716 16577 90872 51638 50707 82301 14311 16441 73390 82162 28361 95961 65469 37023 63045 77265 10166 54568 93974 65526 78260 250 22105 99770 2853 80013 47943 65053 3322 49861 81721 28255 90094 57634 81990 50191 81371 68719 55975 75955 20718 92094 34094 49348 33722 49555 31476 27387 45670 19959 17204 91858 71650 49603 92973 64562 85413 30614 89708 88782 22972 59216 65529 26523 93698 70507 46609 97000 3033 91843 32686 89495 19945 1419 12061 18390 31423 78476 46129 25096 99801 74757 71971 7823 70858 82381 37211 36572 73104 24572 76380 46081 12087 5515 60887 44507 48125 94885 50838 59173 11695 5867 25165 42604 67072 67165 86013 15005 92601 51813 95803 16229 60669 41020 70454 18724 92766 84358 60303 22971 68181 81823 37355 54518 64403 21444 44319 45667 19567 31559 31938 50217 46168 42215 66622 68896 83736 50083 26615 60043 60584 59700 18231 96124 98574 20218 31705 67818 50729 21049 45227 92158 35984 6584 37903 8122 68416 25384 10040 1034 54893 56909 57502 81404 20891 29570 43362 4454 78777 65259 76142 43120 95812 57021 51754 26011 83622 27555 12409 91769 3734 38460 67933 48982 11648 91296 9004 57933 84186 26719 42477 22646 88467 87225 91381 48239 92384 79739 61052 52572 19846 12464 20527 75707 52394 43314 29481 36631 5239 62892 22554 96082 11547 67314 37938 11136 63419 10355 94785 70873 94980 76049 3699 4827 34130 84963 80789 86385 61194 29554 74660 91752 10811 92400 17921 76612 46683 37984 61410 51680 52363 18862 58160 76216 20438 18646 72541 3039 509 94803 13933 29645 27356 38493 61517 46003 94606 67560 78255 75838 1823 67180 83675 694 35782 23004 5376 95441 25333 71952 60333 20252 71993 67201 63198 90655 53885 69783 56809 45611 96286 18097 61986 66891 62995 88039 1415 15405 87045 37897 87219 22126 48127 91664 30860 35414 15337 25697 65165 63865 13632 7509 85177 94186 34870 77095 22334 24965 309 17371 71048 61522 18060 75393 51511 31967 70234 95675 61192 69139 56488 739 49769 34875 22604 33353 81824 43325 85485 10637 56218 56493 31325 89031 54013 86008 51620 43283 96957 16372 96751 39057 21190 20562 73440 90269 43144 93587 59959 43088 56469 89254 61469 30164 20541 88700 35450 88048 66005 11566 72528 35741 79318 86242 93155 64947 77837 90925 41213 15911 76 79310 75898 57901 83680 16171 38879 48673 3024 62390 75621 70803 42684 71640 81629 71766 70490 30154 4238 8305 73167 23720 41646 8925 1579 98763 13793 41337 36168 16927 12774 56496 23428 59568 86687 66912 66417 84930 40806 6386 1489 8670 10291 13847 26828 41359 16540 1790 82074 18678 5401 90516 81779 27497 96365 98786 1735 58376 53032 45717 40624 22174 41495 75607 73089 93337 63235 32212 25468 24748 77795 90539 14210 4928 17648 71980 48322 89028 65988 32893 36148 23892 6848 32625 20288 38299 82627 25007 72073 21494 24514 37649 61693 35412 64984 7300 97187 89015 49520 65051 88084 98248 89906 29534 66297 28832 24873 69301 58461 32247 95853 96731 54931 23729 59971 21264 7040 95699 5100 43634 41213 46602 76638 74745 43592 49656 80525 65466 81164 49148 965 38485 42519 64276 12686 13442 43844 87655 97690 13184 21156 97860 79782 50897 15432 21573 23470 31092 91183 99164 65196 16821 20354 72919 4925 30646 93269 55587 45426 61272 9145 50404 77117 75724 63818 31262 57282 36121 21164 95951 16445 18763 42494 29792 83496 15705 89541 61832 53301 60171 17751 46776 66543 8069 35279 40588 11205 2906 66091 8605 72297 76258 87475 20653 8229 85135 18735 69351 84955 70899 88613 86976 13824 68000 53840 99836 26308 80480 65970 32971 20844 29131 67803 87767 6644 23378 75915 63204 76257 97432 88089 73431 44112 87762 27442 69595 54893 2910 52090 50938 70898 21608 53851 48794 86579 96738 86146 4160 26375 63015 10031 93931 3790 80235 59689 40335 62554 8393 57156 13391 43833 33824 63793 78937 40587 25595 90007 66712 23398 84041 48932 8243 1936 99455 48222 30918 62261 45675 83617 71760 39616 41689 49382 88396 52661 60616 92324 10874 68081 25330 49316 87458 24557 43048 71591 98622 71741 4745 68992 64539 64563 65595 10454 64947 80810 46806 41043 78239 47366 1963 87119 65659 58143 69166 45054 11350 23609 66345 11048 40227 61255 17241 12089 71757 83069 29329 97987 36645 19204 17393 54464 63657 26191 24442 21450 40057 19037 28861 35018 57626 91847 22560 76923 91107 13482 95812 32310 74882 38242 20175 53772 88743 68451 89614
39656 83223 57610 39532 70779 55903 44566 42872 59755 1724 87476 36948 80178 8256 94912 30370 18425 88310 70024 76483 58292 33000 30487 15276 34736 65092 47559 60198 75041 22761 34927 1415 83677 67937 50977 99634 47795 95943 66615 11122 29247 28825 5141 37975 81555 2990 80565 57732 93639 66403 87720 13140 46915 27622 57753 519 65314 39168 29027 74406 17514 42528 49780 68789 60127 37080 96874 86507 79449 37585 32264 56229 8244 57186 40484 54764 48558 30272 92358 12382 4523 67236 39682 25619 44869 32902 58738 82132 92146 6499 5766 36466 15626 69524 10067 41167 78723 73065 65728 66627 89619 12620 51929 65299 45118 92223 26424 45772 24137 27809 51961 96411 7972 99556 58784 6600 85311 98469 32078 8703 4283 70538 92205 27306 19846 18574 78048 56974 78271 54777 21859 78247 93617 72434 81977 56613 6266 53862 64008 41759 21417 99218 21399 41643 52733 84983 79909 68379 42118 46952 56482 25883 33630 84561 97756 33364 62457 56240 32339 87554 29837 62641 30734 95643 29217 8825 726 11188 48422 11726 93985 37847 47289 91127 85555 872 34605 7281 22989 46393 24951 64930 13247 65405 32922 12392 93780 62854 57506 4006 87329 58020 98390 50605 47300 23875 55434 60395 96438 31682 9774 49535 21231 34484 36353 69773 91720 51344 90626 59360 67361 55047 37660 49705 24614 67895 75339 8390 86943 95538 47822 12038 90724 60674 75195 55649 97712 99728 32862 31049 42246 71376 31899 66353 7158 40297 5050 41912 2986 41659 85623 52717 38157 10117 83747 40557 97935 36352 33229 91062 91100 94050 46905 65542 68604 96399 71865 94030 61218 45874 74199 21380 99446 85335 91043 88973 82747 71534 2073 65018 28310 70853 8458 48131 36005 51598 21281 68064 86807 2328 83167 63774 18265 6924 27987 37021 94480 13654 6635 31854 18509 79310 99974 51528 15601 29052 8626 13452 98475 37505 26432 82735 94958 92360 7342 6169 80318 66670 93193 71437 58575 16361 95534 54449 89192 70382 14201 15657 26240 36353 65855 20663 86387 99929 11130 85188 75346 69595 41046 15044 995 13000 20072 44718 98613 56482 42075 69604 60482 82079 59765 15292 20879 20363 58336 82785 45207 15379 92089 88477 46043 7446 38193 17973 80949 46613 1773 1419 99096 41588 17401 97564 91896 86101 84687 70347 53064 24356 34297 95375 34895 19082 81690 24114 10168 8741 47149 55495 43470 91976 74748 5519 46583 5360 54817 20076 84561 31965 19833 90970 24516 3938 76690 91854 83037 7103 38231 72620 7128 28056 87275 5865 56104 17221 3887 40673 36954 68373 91120 73389 84504 57167 34833 41629 9829 46835 17275 93393 88027 71058 17611 94046 30855 46816 74585 65812 41235 63272 57888 42524 3954 2472 98636 62820 95862 97774 25875 79134 54680 18844 91988 45976 16623 52292 47444 38574 201 66775 64427 10492 89478 67702 93809 26717 88949 41568 43223 16485 13042 34658 21301 88067 25230 98741 26810 11530 65480 41240 85190 6386 49796 42850 91418 46337 2577 1955 4139 49283 73353 74699 72776 17982 70863 62012 97298 46136 45116 85441 30652 91200 55878 92218 2240 30955 47282 61965 29910 12626 96758 68937 12547 42218 94156 84545 44490 14357 61212 52433 89771 89911 97646 87736 36863 86890 17057 82805 14571 14774 76144 85098 9978 77378 23364 80034 64737 87152 43736 40386 16666 92594 85924 73524 10564 53004 20616 71125 96540 23324 27767 10848 11532 16128 5512 6963 52388 70264 56162 47635 8455 80539 49951 29800 28201 87656 11891 6635 69567 10806 96666 29019 46825 22578 83025 70675 60134 6453 91555 54400 63963 59610 96552 45786 3001 1656 24233 44491 82296 83574 22316 79626 46903 14629 79197 97109 33857 79041 8240 69733 89139 97207 72076 99841 28157 89587 31652 33943 36333 21027 59880 93001 44850 47563 73046 601 93054 97564 49153 10530 65177 92257 11920 33153 57937 88711 3296 59711 94433 73146 9953 38064 44782 72762 35661 96664 48218 73287 96069 62478 74857 74223 17812 48991 13804 7604 52318 88055 82491 44469 19993 37625 39592 540 69372 20370 56671 34298 44513 66396 86722 74070 94412 34406 73717 63244 25591 34078 71441 45670 32077 24354 28500 69721 45642 23534 26920 87321 88980 39342 49677 83074 67932 71884 3739 57213 23506 86167 88405 74598 11085 24570 85189 81294 76204 62186 40874 5575 64243 98025 68539 92847 74875 16733 60346 2905 66888 67145 42080 51873 13338 54294 73214 33375 57168 70352 47776 94807 99414 65118 25363 23396 22165 74061 90085 41690 81719 91110 95033 76261 18300 44172 60658 25914 37643 33262 92338 69235 39803 78583 92894 94595 22372 25392 81150 16240 40366 92373 71036 60096 77653 52507 93165 20789 61319 95009 92228 63355 15737 85918 65781 34014 83475 54668 37281 17554 36873 28554 99560 78995 81332 58434 98783 48441 7380 5878 89721 84394 92415 71599 19863 93406 49042 56810 29985 3826 7726 75113 40423 5050 18260 98466 93731 7514 1060 91496 79415 40207 95215 67009 30721 10929 25437 21619 51223 94561 38996 23053 49963 78697 64468 43127 25682 91196 63784 82425 235 77550 30135 84361 51396 10474 16440 96099 81897 84728 11475 78416 60027 83725 88653 41972 35669 50495 97060 51738 5617 8585 33541 98838 66322 17906 59884 53175 82628 50486 53625 95326 40522 34188 88587 89354 96272 92315 80128 81407 3034 24380 6462 28800 94286 51913 744 92367 9011 85582 38811 91281 68886 87266 79721 65871 63592 19151 35428 79539 77596 71913 24791 61923 96973 54482 32768 85830 21739 38670 35779 78789 82031 77309 72615 89663 35958 32140 79377 17564 22161 27510 29257 65463 11440 54067 3857 60983 9730 76216 11871 2118 48311 98940 69270 391 85555 75826 19548 90915 35862 59513 63981 99232 58357 72964 59283 41382 97644 64511 46450 22591 73122 90131 5198 93247 95666 41745 28366 92154 79932 77165 55116 14697 76655 32078 66764 22332 30160 84782 23064 58260 29116 96256 62485 38536 19567 46705 8641 16913 3045 81547 338 13250 94241 84559 84596 99547 27167 57803 92120 25743 17176 12289 57752 89000 92387 71641 77511 73597 184 74102 49478 93962 64084 69507 64549 38551 66096 89264 60466 77640 41382 19492 6098 33578 91804 10918 88456 47937 69194 29980 65206 1541 77286 55723 97502 19955 7987 21904 98492 70510 99106 20538 45235 58598
92737 26774 14779 60701 46038 87939 19775 79736 52317 67957 70439 15380 4576 81677 39095 60428 14532 56689 1262 2931 44255 84313 67431 48536 34631 62460 86141 52295 12759 92489 3008 45827 22377 14404 75313 26897 9040 40568 26091 48355 84011 34991 37564 94836 97884 5904 71982 32995 31246 50318 24649 67858 53001 2192 33611 23123 92954 16790 35365 39672 87687 34340 77724 79262 67372 37517 37191 4003 7159 41696 37689 35700 50421 57928 73907 42397 99841 87278 33705 57056 22234 42213 46693 31267 13847 91764 92165 39679 34080 4830 75059 81334 70439 76688 23969 6895 57864 72227 69218 4403 5981 85349 79283 32407 5837 71366 85164 54944 24031 74581 41776 21644 99320 60159 72908 6240 2680 47508 49226 94781 29267 90107 85804 48909 14947 78418 40435 61613 92094 87397 17227 27614 49561 63376 37268 50462 52700 58148 52129 16835 87285 95777 24475 62638 22347 82839 97501 19090 28191 50552 81239 95876 76326 87593 12851 37287 24075 11786 38782 3315 63242 39166 42468 83389 93831 97142 51186 40407 96052 36966 52498 42569 50898 41201 92791 56681 87443 86623 48994 68431 47079 52397 24003 30193 93841 67380 70003 92404 73154 69226 59617 75487 57365 2988 95730 84929 83878 54609 96278 79393 58456 48205 40205 69225 31827 65904 22107 21322 39126 43004 48995 61636 15481 32398 82242 42282 77100 11421 97841 49378 47191 11191 22147 2702 51479 3596 96985 7382 57157 63083 75229 54695 69445 45197 80142 36676 30700 806 95406 15991 62919 64119 4931 4406 21007 69011 8694 64444 97032 78217 82747 2765 75990 19697 33238 55746 72620 17238 33313 47677 48489 47980 30909 58048 8396 9993 5557 13227 37985 20327 42746 53444 7694 32847 64948 91316 83669 50328 96082 25006 16888 98654 66635 85433 2914 94197 23993 16293 3542 30905 69690 98338 78216 29961 91807 67528 60636 3419 94112 69885 71579 45063 47731 17281 10682 72496 56840 21630 66277 48056 72365 27613 74475 45891 92477 91329 53500 56730 6084 47520 29712 49739 12705 48476 31778 38495 81181 72200 4338 2088 70190 10305 90505 29283 83327 98274 28351 51067 49051 77442 27899 60233 48992 96663 50002 9885 85357 83654 85927 77452 47597 28066 32280 37366 49261 89585 11428 16822 57639 44233 29548 1965 63186 61068 36957 37393 99826 86179 61857 6980 42050 69597 10443 65672 38310 6522 67398 46730 14392 11629 78157 56721 45502 10480 71398 98832 3618 20698 95889 14718 74697 20544 13603 32099 50977 40026 94603 87932 7732 73230 21753 72157 21424 21446 81167 40282 1811 45320 28473 87176 18338 17864 34501 65574 5046 34029 99128 78679 22744 31200 93283 95671 30404 19092 30524 19826 36747 12905 74598 49613 52925 31560 82078 19899 22691 44416 10968 80587 14556 33373 65805 81610 14700 44293 1079 95472 68327 26384 49724 73553 5691 52749 2166 94826 29560 36325 11080 6367 14246 55169 36040 57012 10062 90481 47502 9500 63287 3364 87012 69847 50147 62914 92513 99048 58102 51080 56624 54743 3580 14750 12073 32435 96734 77485 69025 77686 26656 38724 1676 89369 8216 6213 45336 61285 24154 48995 37136 60427 883 5316 67645 36270 99384 91485 98231 42560 16645 1847 64023 29478 84153 2833 73672 55570 8443 68062 36415 68326 72350 54869 28456 4833 73403 95610 56175 73510 36147 48050 17253 7719 66899 93308 7486 34224 30627 27350 24750 61470 923 2780 35501 94582 475 53582 44625 3728 95859 15066 98477 9261 18069 46772 25425 34191 67371 63254 78081 89892 43901 55799 85069 50208 98535 68000 26895 91669 62978 32781 9939 16155 35165 4650 37387 62642 60028 60777 81581 28904 18881 70667 68463 52455 29139 25818 39537 2405 23344 99078 62459 5699 18600 87881 88380 70778 80840 28778 71723 42988 65293 30057 37995 94337 65385 65924 7869 20694 85197 32448 23191 27282 72363 77665 88853 37932 82608 18653 40416 10303 94668 32184 23959 94252 58117 99630 69056 79916 80569 82337 23399 82999 13969 69511 80224 95152 64706 12363 59768 99269 74292 41667 97579 38506 40319 4529 87268 46840 1983 64916 7821 75472 67009 41038 81005 61681 28986 88487 63730 50926 18635 98883 31972 68790 98596 69736 19910 69900 18777 55358 62829 68159 70273 8523 67860 19074 65438 86553 42372 6095 57667 66048 39634 39664 76286 49852 86391 9164 73264 23129 42429 76849 70451 63188 89430 82422 19203 15418 95658 88388 29538 99115 22168 11622 38852 55780 74353 32896 78167 9823 15697 80813 2598 99299 74569 39675 25109 77311 34574 43570 60865 38510 74766 65216 83215 94785 43987 28236 39979 37409 74490 29924 26178 21569 26235 76201 35321 63181 3299 16462 43599 35727 87530 72361 94629 51468 51243 67627 93139 69169 77460 27187 36837 52284 62460 27408 2413 20101 30354 27506 17785 37448 6874 92891 10881 16546 82552 76753 31618 45824 34140 55524 57842 13867 76557 35247 97923 64299 47063 83281 52941 90073 32542 41777 42965 26265 92561 3494 27501 13586 78597 98889 11788 59875 42083 18047 28280 43083 61835 19778 67250 54556 41858 28059 54603 79085 62056 93662 50918 92984 1437 92712 56395 46262 48934 52450 7417 45693 65397 49803 86353 52971 20009 55660 52895 65544 70927 5463 15947 55961 30617 12899 95214 69852 20787 68318 84294 66557 97289 11856 87845 84828 26166 73541 17644 15713 42799 77553 6200 12199 83321 7980 55601 46463 19351 39654 80336 65930 80113 23047 63945 33913 95656 14334 62458 62890 64453 98504 71679 22880 44405 58678 41273 3921 22549 90189 86594 38444 49245 98724 65293 60314 20941 32220 28548 75773 37410 1407 30176 28447 4335 21741 73913 33085 64689 1845 97461 20625 99912 75839 84533 22724 3004 1587 24446 93917 66448 31169 33531 78806 77260 53801 8842 5810 91067 5854 68993 48155 83446 53445 50268 2548 17503 66609 45206 55908 3489 34016 91811 30328 97715 9416 55885 8032 71510 77965 51884 41409 20340 35414 23637 42050 46472 94195 23600 50283 53088 65291 84761 29781 45958 52577 75343 237 27318 61706 67957 37201 92633 36774 84191 90022 23612 89251 95158 84325 2379 19833 15938 14912 73614 97506 53785 61456 10682 16286 43593 82493 38992 90771 42759 25905 12096 56968 16441 46445 60718 39197 72468 11282 12993 62990 59078 55831 67318 96856 29985 70784 18699 37750 52179 74103
