1000 1500
1 109 1092
2 72 925
2 931 1108
3 191 1164
4 115 807
4 937 1216
5 241 1167
6 157 699
6 1004 1239
7 285 1211
8 233 511
8 1119 1268
9 377 1255
10 302 454
10 829 1346
11 440 1321
12 369 874
12 1131 1378
13 533 1325
14 498 1111
14 1300 1340
15 574 1417
16 524 756
16 1081 1478
17 658 1469
18 568 1259
18 1462 1539
19 670 1527
20 668 1228
20 1287 1621
21 694 1613
22 634 919
22 1417 1713
23 719 1649
24 630 914
24 1441 1716
25 781 1748
26 695 1044
26 1665 1807
27 809 1795
28 757 1069
28 1565 1842
29 838 1811
30 807 1397
30 1811 1833
31 851 1856
32 845 1422
32 1444 1871
33 881 1918
34 876 991
34 1690 1927
35 974 2005
36 958 1942
36 1987 2017
37 985 2102
38 898 1738
38 2018 2137
39 1060 2196
40 988 1091
40 2061 2292
41 1152 2247
42 1052 1606
42 2180 2269
43 1154 2321
44 1071 1795
44 2239 2411
45 1223 2416
46 1206 2066
46 2187 2423
47 1292 2421
48 1262 2398
48 2399 2490
49 1305 2499
50 1270 2096
50 2466 2501
51 1345 2597
52 1299 1397
52 1694 2617
53 1348 2691
54 1338 2399
54 2683 2770
55 1388 2711
56 1291 2543
56 2558 2741
57 1469 2720
58 1372 2277
58 2595 2818
59 1569 2727
60 1473 2117
60 2674 2764
61 1611 2778
62 1551 2110
62 2399 2870
63 1623 2820
64 1552 1975
64 2319 2847
65 1721 2894
66 1708 2154
66 2371 2904
67 1789 2988
68 1700 2864
68 2963 3035
69 1799 3065
70 1754 1969
70 2308 3134
71 1856 3156
72 1769 2790
72 3121 3227
73 1859 3172
74 1794 2350
74 2400 3204
75 1908 3240
76 1818 3156
76 3191 3246
77 1994 3268
78 1954 2111
78 2638 3272
79 2010 3308
80 1917 3109
80 3197 3328
81 2074 3320
82 2003 2899
82 3161 3327
83 2117 3417
84 2113 2915
84 3144 3505
85 2192 3433
86 2176 3082
86 3160 3530
87 2214 3469
88 2147 2217
88 2595 3505
89 2276 3480
90 2273 2757
90 2842 3484
91 2365 3562
92 2320 2989
92 3143 3627
93 2430 3601
94 2413 2572
94 2864 3641
95 2462 3617
96 2429 3460
96 3546 3704
97 2534 3712
98 2507 3456
98 3488 3789
99 2592 3720
100 2544 2898
100 3105 3758
101 2672 3802
102 2658 3535
102 3622 3808
103 2730 3861
104 2674 3834
104 3856 3937
105 2770 3920
106 2757 3815
106 3890 3998
107 2826 3959
108 2765 3338
108 3901 3984
109 2838 4041
110 2796 3656
110 3760 4117
111 2883 4083
112 2867 4019
112 4035 4123
113 2941 4088
114 2850 3329
114 3508 4144
115 2976 4093
116 2902 3656
116 3769 4153
117 3008 4192
118 3004 3167
118 3391 4206
119 3034 4244
120 3025 3202
120 3880 4288
121 3038 4270
122 2943 3460
122 3479 4368
123 3099 4322
124 3091 4259
124 4307 4353
125 3128 4358
126 3073 3292
126 3292 4384
127 3133 4374
128 3084 3729
128 3982 4448
129 3153 4387
130 3063 3247
130 4106 4417
131 3190 4459
132 3188 4341
132 4385 4507
133 3281 4498
134 3198 3715
134 4298 4526
135 3326 4534
136 3283 3391
136 4375 4581
137 3382 4541
138 3323 4001
138 4346 4592
139 3412 4563
140 3352 3723
140 4369 4592
141 3495 4632
142 3486 3974
142 4432 4642
143 3513 4653
144 3459 3838
144 3877 4659
145 3532 4748
146 3530 4081
146 4110 4821
147 3603 4835
148 3592 3830
148 4645 4852
149 3660 4931
150 3631 3841
150 4366 4989
151 3751 4968
152 3744 4301
152 4669 5003
153 3781 5045
154 3702 4097
154 4325 5104
155 3854 5052
156 3804 4272
156 4344 5152
157 3932 5098
158 3839 4756
158 4874 5136
159 3972 5148
160 3932 4444
160 4532 5237
161 4009 5220
162 3919 4133
162 4582 5294
163 4039 5308
164 3969 4797
164 5238 5353
165 4092 5398
166 4089 4533
166 5118 5471
167 4159 5485
168 4122 4521
168 5192 5528
169 4227 5534
170 4169 5297
170 5394 5577
171 4299 5599
172 4216 4468
172 5099 5640
173 4345 5622
174 4323 5361
174 5432 5694
175 4369 5721
176 4299 5331
176 5656 5726
177 4405 5812
178 4311 4530
178 4673 5911
179 4478 5910
180 4445 5485
180 5797 5942
181 4538 5928
182 4490 5253
182 5812 5959
183 4585 6024
184 4545 5965
184 6023 6028
185 4614 6034
186 4602 5841
186 5842 6046
187 4694 6125
188 4644 6091
188 6124 6225
189 4704 6188
190 4631 5680
190 5688 6239
191 4713 6227
192 4627 6000
192 6038 6317
193 4795 6292
194 4742 6134
194 6157 6300
195 4880 6349
196 4799 6290
196 6310 6429
197 4972 6417
198 4873 6111
198 6251 6475
199 5013 6499
200 4991 6389
200 6487 6583
201 5037 6501
202 4996 5714
202 5835 6511
203 5094 6573
204 5077 5476
204 6086 6655
205 5155 6659
206 5145 6124
206 6424 6718
207 5168 6697
208 5110 5885
208 6129 6747
209 5238 6761
210 5218 6388
210 6430 6795
211 5318 6805
212 5312 6644
212 6765 6863
213 5401 6888
214 5396 6417
214 6579 6911
215 5415 6986
216 5372 6585
216 6807 7065
217 5498 7071
218 5429 5733
218 7071 7144
219 5547 7109
220 5515 6263
220 6970 7180
221 5569 7171
222 5508 6292
222 6689 7175
223 5611 7271
224 5602 6285
224 6611 7329
225 5663 7274
226 5658 5959
226 6244 7286
227 5716 7297
228 5637 5893
228 6362 7386
229 5812 7326
230 5743 6772
230 6926 7329
231 5845 7383
232 5842 6286
232 6863 7449
233 5932 7409
234 5904 6466
234 6797 7492
235 5980 7412
236 5903 6119
236 6536 7503
237 5999 7457
238 5978 7231
238 7293 7514
239 6076 7497
240 5984 6121
240 7402 7534
241 6092 7590
242 6049 6852
242 7503 7683
243 6152 7599
244 6056 6701
244 7453 7603
245 6184 7678
246 6173 6457
246 7449 7693
247 6245 7683
248 6228 7168
248 7496 7752
249 6325 7758
250 6246 6721
250 6863 7766
251 6415 7777
252 6415 7593
252 7702 7867
253 6488 7809
254 6394 6531
254 6818 7864
255 6562 7887
256 6506 7099
256 7313 7936
257 6618 7986
258 6546 7015
258 7020 8043
259 6712 8013
260 6668 7228
260 7496 8025
261 6779 8028
262 6725 7938
262 8028 8037
263 6800 8086
264 6768 7791
264 7908 8095
265 6841 8151
266 6791 7062
266 7551 8213
267 6847 8215
268 6819 6982
268 7724 8308
269 6864 8225
270 6809 7027
270 7379 8267
271 6908 8258
272 6877 7804
272 8115 8291
273 6982 8275
274 6924 7866
274 8013 8346
275 7032 8374
276 6944 7684
276 8075 8436
277 7115 8386
278 7038 7998
278 8366 8476
279 7196 8477
280 7158 8057
280 8419 8477
281 7265 8480
282 7201 8114
282 8134 8503
283 7333 8487
284 7279 7709
284 8431 8579
285 7354 8584
286 7286 8242
286 8290 8621
287 7378 8631
288 7343 7509
288 8339 8689
289 7438 8698
290 7370 8029
290 8362 8722
291 7496 8766
292 7452 8667
292 8688 8836
293 7578 8818
294 7479 7683
294 7923 8836
295 7579 8882
296 7574 8840
296 8872 8898
297 7601 8897
298 7556 8212
298 8453 8939
299 7663 8974
300 7616 8772
300 8918 9040
301 7716 9040
302 7703 8339
302 8530 9118
303 7812 9063
304 7804 8959
304 9048 9106
305 7854 9124
306 7760 8313
306 8881 9124
307 7868 9199
308 7840 9148
308 9179 9254
309 7888 9229
310 7850 8044
310 8352 9320
311 7946 9277
312 7911 8045
312 9091 9340
313 7986 9345
314 7980 8228
314 8847 9410
315 8027 9425
316 8011 9192
316 9388 9497
317 8049 9512
318 8046 9046
318 9155 9535
319 8103 9536
320 8096 8446
320 9168 9579
321 8197 9568
322 8197 9326
322 9386 9600
323 8296 9660
324 8208 8956
324 8992 9757
325 8313 9742
326 8299 9145
326 9324 9780
327 8354 9779
328 8335 9147
328 9415 9869
329 8436 9878
330 8399 9548
330 9679 9944
331 8525 9904
332 8466 9154
332 9294 9961
333 8533 9915
334 8457 9682
334 9749 9969
335 8583 9939
336 8566 9487
336 9660 9996
337 8635 10027
338 8542 8810
338 9925 10092
339 8730 10044
340 8722 8852
340 9070 10123
341 8750 10107
342 8727 9221
342 9517 10185
343 8785 10123
344 8784 8820
344 9247 10169
345 8879 10146
346 8780 8886
346 9480 10195
347 8925 10186
348 8846 9943
348 10067 10257
349 8959 10192
350 8867 9652
350 9868 10220
351 8965 10193
352 8894 9434
352 9669 10277
353 8966 10205
354 8896 9520
354 9933 10295
355 8990 10223
356 8915 9739
356 9787 10227
357 9075 10259
358 9041 9191
358 9549 10281
359 9171 10315
360 9146 9832
360 10211 10386
361 9196 10371
362 9135 9338
362 9656 10411
363 9214 10464
364 9154 10106
364 10437 10505
365 9230 10561
366 9169 10195
366 10330 10585
367 9298 10576
368 9206 9402
368 9886 10644
369 9359 10654
370 9359 9874
370 10290 10751
371 9370 10689
372 9317 10029
372 10683 10724
373 9406 10743
374 9380 9879
374 9954 10810
375 9446 10816
376 9392 9835
376 10544 10870
377 9461 10873
378 9444 9717
378 10417 10954
379 9526 10953
380 9446 10411
380 10572 11044
381 9557 11016
382 9541 10189
382 10231 11060
383 9613 11070
384 9523 9854
384 10614 11167
385 9664 11165
386 9575 9923
386 9933 11256
387 9750 11201
388 9672 10412
388 10803 11282
389 9758 11255
390 9700 11038
390 11095 11284
391 9793 11275
392 9734 9944
392 10504 11290
393 9846 11356
394 9833 10247
394 10434 11398
395 9899 11394
396 9884 10691
396 10706 11477
397 9904 11413
398 9864 10899
398 11190 11482
399 9906 11434
400 9828 10864
400 11148 11521
401 9983 11521
402 9979 11381
402 11431 11621
403 9997 11610
404 9989 10520
404 11506 11647
405 10019 11615
406 9995 10193
406 10326 11700
407 10091 11710
408 10008 10258
408 10560 11743
409 10101 11796
410 10019 10706
410 10889 11839
411 10187 11871
412 10180 10902
412 11044 11935
413 10236 11889
414 10197 10961
414 11661 11907
415 10238 11925
416 10228 10955
416 11769 11960
417 10328 11988
418 10308 10540
418 11245 12081
419 10400 12077
420 10304 11400
420 11483 12154
421 10456 12078
422 10441 11728
422 11981 12163
423 10479 12168
424 10478 11641
424 12031 12256
425 10520 12249
426 10450 11886
426 12082 12302
427 10598 12349
428 10548 11473
428 11595 12364
429 10599 12434
430 10567 11600
430 12219 12463
431 10676 12523
432 10595 12128
432 12207 12613
433 10717 12531
434 10685 12178
434 12462 12610
435 10787 12540
436 10724 11976
436 12126 12585
437 10859 12630
438 10770 12307
438 12428 12638
439 10953 12665
440 10863 12137
440 12310 12721
441 11029 12705
442 11016 12301
442 12401 12751
443 11042 12715
444 11032 11901
444 12510 12787
445 11055 12760
446 11024 11866
446 12138 12794
447 11101 12860
448 11026 12236
448 12608 12932
449 11195 12916
450 11173 11216
450 12108 12952
451 11235 12959
452 11228 12016
452 12830 12987
453 11329 12994
454 11293 12226
454 12821 13089
455 11396 13070
456 11369 12042
456 12878 13114
457 11437 13099
458 11427 12174
458 12417 13108
459 11454 13110
460 11354 12250
460 12518 13191
461 11485 13157
462 11472 12558
462 12826 13242
463 11550 13215
464 11482 12151
464 12442 13313
465 11606 13307
466 11508 11798
466 12207 13326
467 11626 13326
468 11554 13282
468 13319 13410
469 11638 13334
470 11542 13307
470 13326 13352
471 11733 13414
472 11712 13298
472 13358 13486
473 11801 13447
474 11720 13079
474 13249 13471
475 11827 13460
476 11730 12123
476 12574 13486
477 11898 13468
478 11855 12572
478 13053 13472
479 11965 13563
480 11946 12563
480 13348 13659
481 11979 13632
482 11909 12509
482 13570 13709
483 12017 13690
484 11942 12362
484 13218 13782
485 12074 13717
486 12065 13045
486 13266 13771
487 12094 13778
488 12038 12629
488 13419 13807
489 12139 13877
490 12139 12346
490 12839 13925
491 12144 13971
492 12078 13914
492 13931 14008
493 12147 14012
494 12087 13433
494 13569 14028
495 12162 14108
496 12069 13968
496 14088 14183
497 12186 14202
498 12180 13503
498 13988 14288
499 12226 14239
500 12156 13958
500 14213 14295
501 12302 14339
502 12251 12411
502 13947 14390
503 12343 14378
504 12252 13254
504 13860 14395
505 12381 14384
506 12372 14252
506 14378 14417
507 12461 14415
508 12446 14162
508 14408 14464
509 12560 14479
510 12543 13486
510 13898 14499
511 12654 14577
512 12620 13657
512 13910 14652
513 12730 14668
514 12681 14063
514 14243 14752
515 12808 14725
516 12759 13006
516 13425 14789
517 12888 14807
518 12847 14296
518 14502 14871
519 12926 14824
520 12827 13328
520 13583 14890
521 13022 14826
522 12937 14168
522 14812 14906
523 13056 14919
524 13009 14744
524 14899 14968
525 13121 15005
526 13117 14734
526 14995 15079
527 13185 15093
528 13117 14731
528 15050 15097
529 13201 15111
530 13109 14652
530 14821 15199
531 13264 15135
532 13226 14025
532 14624 15220
533 13352 15174
534 13329 14201
534 14213 15233
535 13398 15225
536 13372 14153
536 14295 15323
537 13435 15253
538 13398 14414
538 14801 15264
539 13491 15294
540 13406 14711
540 14797 15323
541 13553 15361
542 13468 14312
542 15114 15369
543 13640 15380
544 13573 14629
544 15181 15426
545 13644 15387
546 13587 15153
546 15238 15450
547 13685 15477
548 13628 13895
548 14088 15561
549 13712 15566
550 13684 14565
550 14733 15644
551 13776 15652
552 13734 14822
552 15298 15666
553 13802 15688
554 13774 14350
554 14982 15689
555 13902 15730
556 13810 14910
556 15063 15730
557 13952 15785
558 13922 15351
558 15642 15796
559 13960 15800
560 13940 13977
560 15287 15849
561 14057 15865
562 13961 14838
562 15031 15906
563 14099 15898
564 14022 14824
564 15762 15985
565 14107 15924
566 14106 14237
566 14252 15990
567 14161 15927
568 14062 14431
568 14485 15979
569 14191 15984
570 14107 15441
570 15564 16044
571 14220 16025
572 14186 15483
572 15775 16041
573 14254 16075
574 14216 15239
574 15690 16137
575 14278 16102
576 14269 14585
576 15444 16150
577 14377 16168
578 14369 15355
578 15609 16223
579 14459 16257
580 14395 15902
580 15990 16342
581 14518 16282
582 14461 15595
582 16103 16322
583 14578 16292
584 14529 16207
584 16211 16339
585 14586 16385
586 14556 15656
586 16306 16478
587 14647 16413
588 14558 14782
588 15828 16464
589 14670 16476
590 14600 14686
590 15348 16506
591 14703 16528
592 14643 16206
592 16298 16618
593 14794 16569
594 14755 16182
594 16423 16572
595 14825 16664
596 14728 15671
596 16434 16696
597 14835 16683
598 14808 16427
598 16671 16771
599 14861 16778
600 14820 14943
600 16267 16844
601 14941 16873
602 14909 15658
602 15809 16918
603 15006 16903
604 14917 15145
604 16750 16988
605 15012 16937
606 14937 16646
606 16828 16982
607 15049 16994
608 14991 16913
608 16974 17032
609 15083 17080
610 15018 15704
610 16599 17162
611 15165 17124
612 15105 16983
612 17063 17209
613 15244 17157
614 15172 15803
614 17033 17192
615 15258 17188
616 15251 16489
616 16864 17274
617 15273 17280
618 15243 15365
618 16318 17287
619 15276 17351
620 15230 17269
620 17295 17422
621 15369 17446
622 15290 17019
622 17054 17491
623 15421 17494
624 15394 17395
624 17463 17497
625 15514 17538
626 15512 17296
626 17385 17625
627 15520 17595
628 15438 16330
628 16742 17618
629 15596 17630
630 15569 16392
630 16976 17703
631 15640 17643
632 15587 16174
632 17381 17713
633 15739 17680
634 15731 16700
634 17295 17779
635 15766 17767
636 15696 16443
636 17442 17776
637 15861 17850
638 15794 16920
638 17804 17905
639 15958 17852
640 15870 16800
640 17836 17878
641 15961 17854
642 15928 17673
642 17778 17899
643 16021 17892
644 15955 17816
644 17839 17909
645 16039 17926
646 16014 17434
646 17587 18002
647 16125 17955
648 16061 17371
648 17697 18040
649 16212 17987
650 16207 16529
650 17711 18035
651 16292 18053
652 16280 17855
652 17909 18081
653 16348 18104
654 16313 17236
654 17510 18121
655 16394 18146
656 16343 16757
656 18117 18234
657 16449 18156
658 16424 16775
658 17129 18217
659 16455 18184
660 16408 16747
660 17623 18274
661 16501 18265
662 16490 16595
662 17216 18312
663 16539 18334
664 16443 17021
664 17420 18428
665 16614 18340
666 16571 16684
666 17812 18434
667 16661 18373
668 16561 17852
668 18345 18377
669 16740 18473
670 16739 17374
670 17495 18504
671 16810 18539
672 16779 17229
672 18234 18540
673 16875 18558
674 16848 17755
674 18458 18593
675 16919 18600
676 16823 18103
676 18375 18641
677 16943 18678
678 16928 17960
678 18415 18774
679 16993 18767
680 16912 17417
680 18256 18832
681 17050 18866
682 16992 17835
682 18311 18962
683 17082 18930
684 17044 18315
684 18488 18985
685 17129 19027
686 17083 17216
686 18072 19082
687 17181 19045
688 17121 19012
688 19025 19109
689 17199 19060
690 17114 17888
690 18805 19114
691 17224 19105
692 17175 18219
692 18485 19193
693 17248 19121
694 17201 18727
694 19087 19197
695 17284 19150
696 17252 18389
696 19110 19153
697 17360 19241
698 17338 19140
698 19172 19301
699 17366 19263
700 17306 18371
700 18639 19277
701 17453 19306
702 17411 17716
702 18378 19355
703 17456 19369
704 17376 17571
704 18254 19382
705 17500 19446
706 17490 19123
706 19269 19464
707 17523 19531
708 17458 18491
708 18844 19574
709 17540 19533
710 17484 18446
710 19250 19565
711 17623 19591
712 17606 18280
712 18455 19623
713 17694 19652
714 17640 18805
714 19553 19745
715 17731 19690
716 17678 19216
716 19549 19728
717 17752 19735
718 17662 18164
718 19144 19813
719 17790 19763
720 17788 17790
720 19302 19816
721 17887 19802
722 17850 18060
722 19497 19829
723 17897 19847
724 17851 19735
724 19826 19944
725 17923 19935
726 17890 19268
726 19624 20024
727 18016 19936
728 17934 18578
728 19629 19947
729 18079 19954
730 18019 18385
730 19869 19976
731 18142 19961
732 18082 18505
732 19142 19977
733 18206 20024
734 18205 19527
734 19527 20053
735 18226 20025
736 18175 19314
736 19581 20100
737 18264 20063
738 18264 19016
738 19219 20124
739 18330 20152
740 18317 19699
740 19860 20213
741 18422 20218
742 18394 19672
742 19949 20275
743 18488 20303
744 18465 19925
744 19938 20310
745 18498 20358
746 18470 19403
746 19960 20432
747 18543 20413
748 18455 19185
748 19382 20507
749 18572 20475
750 18474 20425
750 20425 20513
751 18648 20557
752 18593 20375
752 20449 20609
753 18667 20577
754 18640 19497
754 20023 20672
755 18685 20597
756 18660 20145
756 20254 20675
757 18712 20639
758 18672 19532
758 20105 20668
759 18756 20648
760 18659 19079
760 19561 20706
761 18786 20739
762 18696 19983
762 20340 20801
763 18879 20825
764 18796 19610
764 20555 20873
765 18976 20857
766 18946 19607
766 20021 20881
767 18982 20928
768 18975 20687
768 20759 20991
769 19022 20991
770 18979 19364
770 20066 21012
771 19120 21061
772 19108 19666
772 19787 21080
773 19165 21132
774 19107 20313
774 20824 21168
775 19236 21197
776 19220 19290
776 21110 21206
777 19300 21293
778 19243 19341
778 19919 21329
779 19310 21363
780 19225 20624
780 20919 21459
781 19369 21367
782 19323 20002
782 21167 21393
783 19436 21427
784 19346 21192
784 21399 21520
785 19534 21449
786 19512 20130
786 20784 21527
787 19630 21509
788 19560 20334
788 20628 21588
789 19686 21554
790 19615 19957
790 20668 21567
791 19772 21594
792 19707 20103
792 20461 21657
793 19830 21657
794 19799 20877
794 21321 21658
795 19914 21706
796 19825 21283
796 21554 21746
797 19965 21727
798 19878 19984
798 21598 21792
799 20007 21763
800 19969 20126
800 21171 21780
801 20022 21836
802 20000 21777
802 21812 21914
803 20031 21878
804 19966 21172
804 21508 21975
805 20064 21891
806 20037 20974
806 21042 21939
807 20100 21965
808 20005 21019
808 21824 22000
809 20130 22032
810 20048 21639
810 21642 22038
811 20208 22089
812 20110 21729
812 21749 22113
813 20225 22115
814 20190 21693
814 21944 22118
815 20241 22207
816 20238 20911
816 22112 22217
817 20310 22227
818 20215 21448
818 21928 22281
819 20322 22293
820 20257 20873
820 21794 22344
821 20396 22338
822 20395 20683
822 21477 22352
823 20402 22434
824 20328 21110
824 21804 22488
825 20447 22473
826 20444 21843
826 22435 22560
827 20455 22541
828 20453 20679
828 22218 22606
829 20552 22638
830 20514 21100
830 21446 22733
831 20629 22729
832 20627 21814
832 22159 22731
833 20651 22761
834 20578 21667
834 22745 22810
835 20673 22766
836 20643 21090
836 21168 22819
837 20733 22814
838 20642 22719
838 22749 22818
839 20803 22821
840 20786 21379
840 22580 22835
841 20863 22910
842 20860 21497
842 22288 22934
843 20902 22985
844 20883 22462
844 22598 23048
845 20959 23081
846 20931 22664
846 23034 23144
847 21019 23120
848 20931 21360
848 21913 23162
849 21055 23218
850 21007 22327
850 22823 23315
851 21079 23303
852 20993 22265
852 23153 23331
853 21154 23314
854 21120 22628
854 23224 23382
855 21166 23365
856 21067 21313
856 22703 23383
857 21225 23441
858 21125 21951
858 23031 23486
859 21267 23477
860 21253 21479
860 22194 23505
861 21320 23550
862 21259 23518
862 23527 23598
863 21400 23625
864 21315 22322
864 22591 23683
865 21469 23686
866 21371 22744
866 23569 23752
867 21535 23780
868 21532 23691
868 23737 23860
869 21555 23831
870 21551 22890
870 23089 23891
871 21644 23886
872 21605 23775
872 23835 23910
873 21658 23935
874 21646 23763
874 23808 23997
875 21673 24011
876 21599 22147
876 23347 24046
877 21748 24106
878 21667 24032
878 24032 24203
879 21782 24206
880 21756 23163
880 23341 24300
881 21875 24241
882 21827 24203
882 24229 24295
883 21955 24339
884 21905 22418
884 23798 24432
885 22008 24410
886 21917 23156
886 23970 24502
887 22057 24497
888 22012 23103
888 23665 24509
889 22149 24524
890 22110 22424
890 23115 24563
891 22228 24616
892 22173 23349
892 24035 24634
893 22285 24702
894 22252 24094
894 24633 24776
895 22379 24713
896 22307 22962
896 24217 24737
897 22449 24756
898 22413 24096
898 24286 24801
899 22495 24774
900 22412 24653
900 24729 24810
901 22530 24805
902 22483 22761
902 24196 24883
903 22614 24877
904 22585 23003
904 23949 24941
905 22647 24968
906 22620 22771
906 23419 25035
907 22702 24975
908 22671 24279
908 24405 25016
909 22765 25023
910 22718 24807
910 24925 25025
911 22827 25116
912 22749 24665
912 24938 25175
913 22858 25158
914 22847 25017
914 25045 25229
915 22884 25218
916 22822 23157
916 24552 25268
917 22917 25259
918 22827 25022
918 25196 25337
919 22961 25289
920 22945 23272
920 23373 25302
921 23010 25326
922 22918 23178
922 24622 25394
923 23095 25355
924 23080 23624
924 24984 25431
925 23132 25429
926 23119 23410
926 24343 25485
927 23145 25481
928 23123 24365
928 25081 25516
929 23204 25543
930 23121 23926
930 24488 25543
931 23302 25585
932 23277 25181
932 25516 25624
933 23374 25599
934 23285 24706
934 25038 25697
935 23456 25649
936 23417 24914
936 25260 25711
937 23545 25698
938 23477 25453
938 25530 25705
939 23573 25733
940 23486 24593
940 24938 25738
941 23633 25819
942 23552 23892
942 24275 25841
943 23726 25900
944 23650 25458
944 25872 25937
945 23768 25979
946 23690 24420
946 25194 26027
947 23833 26045
948 23767 25225
948 25801 26073
949 23888 26053
950 23866 24120
950 25776 26148
951 23918 26127
952 23895 24546
952 25101 26166
953 23948 26138
954 23902 25847
954 25967 26219
955 24011 26141
956 23981 26006
956 26076 26177
957 24084 26197
958 24046 25986
958 26166 26277
959 24139 26243
960 24111 25491
960 25585 26337
961 24228 26290
962 24213 25002
962 25534 26329
963 24238 26294
964 24229 25648
964 25750 26355
965 24336 26327
966 24330 25332
966 26241 26354
967 24354 26375
968 24352 26188
968 26232 26400
969 24439 26415
970 24387 25991
970 26279 26431
971 24518 26500
972 24513 25866
972 26097 26576
973 24555 26517
974 24475 26238
974 26455 26617
975 24652 26567
976 24645 25817
976 26471 26627
977 24686 26569
978 24601 25560
978 26379 26652
979 24691 26657
980 24614 26186
980 26616 26691
981 24731 26669
982 24672 25988
982 26059 26760
983 24817 26712
984 24784 25491
984 26254 26795
985 24876 26797
986 24840 25849
986 26415 26810
987 24924 26847
988 24894 26346
988 26751 26899
989 24930 26940
990 24835 26458
990 26669 27011
991 24997 26972
992 24942 25722
992 25891 26978
993 24999 27035
994 24968 26544
994 26586 27106
995 25027 27065
996 24997 26722
996 26912 27107
997 25115 27161
998 25051 25807
998 25995 27201
999 25164 27176
1000 25076 26932
1000 27110 27274
