100 950
1 257 267
2 14 24
2 34 44
3 271 281
3 291 301
3 311 321
4 28 38
4 48 58
4 68 78
4 88 98
5 285 295
5 305 315
5 325 335
5 345 355
5 365 375
6 42 52
6 62 72
6 82 92
6 102 112
6 122 132
6 142 152
7 299 309
7 319 329
7 339 349
7 359 369
7 379 389
7 399 409
7 419 429
8 56 66
8 76 86
8 96 106
8 116 126
8 136 146
8 156 166
8 176 186
8 196 206
9 313 323
9 333 343
9 353 363
9 373 383
9 393 403
9 413 423
9 433 443
9 453 463
9 473 483
10 70 80
10 90 100
10 110 120
10 130 140
10 150 160
10 170 180
10 190 200
10 210 220
10 230 240
10 250 260
11 327 337
11 347 357
11 367 377
11 387 397
11 407 417
11 427 437
11 447 457
11 467 477
11 487 497
11 507 517
11 527 537
12 84 94
12 104 114
12 124 134
12 144 154
12 164 174
12 184 194
12 204 214
12 224 234
12 244 254
12 264 274
12 284 294
12 304 314
13 341 351
13 361 371
13 381 391
13 401 411
13 421 431
13 441 451
13 461 471
13 481 491
13 501 511
13 521 531
13 541 551
13 561 571
13 581 591
14 98 108
14 118 128
14 138 148
14 158 168
14 178 188
14 198 208
14 218 228
14 238 248
14 258 268
14 278 288
14 298 308
14 318 328
14 338 348
14 358 368
15 355 365
15 375 385
15 395 405
15 415 425
15 435 445
15 455 465
15 475 485
15 495 505
15 515 525
15 535 545
15 555 565
15 575 585
15 595 605
15 615 625
15 635 645
16 112 122
16 132 142
16 152 162
16 172 182
16 192 202
16 212 222
16 232 242
16 252 262
16 272 282
16 292 302
16 312 322
16 332 342
16 352 362
16 372 382
16 392 402
16 412 422
17 369 379
17 389 399
17 409 419
17 429 439
17 449 459
17 469 479
17 489 499
17 509 519
17 529 539
17 549 559
17 569 579
17 589 599
17 609 619
17 629 639
17 649 659
17 669 679
17 689 699
18 126 136
18 146 156
18 166 176
18 186 196
18 206 216
18 226 236
18 246 256
18 266 276
18 286 296
18 306 316
18 326 336
18 346 356
18 366 376
18 386 396
18 406 416
18 426 436
18 446 456
18 466 476
19 383 393
19 403 413
19 423 433
19 443 453
19 463 473
19 483 493
19 503 513
19 523 533
19 543 553
19 563 573
19 583 593
19 603 613
19 623 633
19 643 653
19 663 673
19 683 693
19 703 713
19 723 733
19 743 753
21 397 407
22 154 164
22 174 184
23 411 421
23 431 441
23 451 461
24 168 178
24 188 198
24 208 218
24 228 238
25 425 435
25 445 455
25 465 475
25 485 495
25 505 515
26 182 192
26 202 212
26 222 232
26 242 252
26 262 272
26 282 292
27 439 449
27 459 469
27 479 489
27 499 509
27 519 529
27 539 549
27 559 569
28 196 206
28 216 226
28 236 246
28 256 266
28 276 286
28 296 306
28 316 326
28 336 346
29 453 463
29 473 483
29 493 503
29 513 523
29 533 543
29 553 563
29 573 583
29 593 603
29 613 623
30 210 220
30 230 240
30 250 260
30 270 280
30 290 300
30 310 320
30 330 340
30 350 360
30 370 380
30 390 400
31 467 477
31 487 497
31 507 517
31 527 537
31 547 557
31 567 577
31 587 597
31 607 617
31 627 637
31 647 657
31 667 677
32 224 234
32 244 254
32 264 274
32 284 294
32 304 314
32 324 334
32 344 354
32 364 374
32 384 394
32 404 414
32 424 434
32 444 454
33 481 491
33 501 511
33 521 531
33 541 551
33 561 571
33 581 591
33 601 611
33 621 631
33 641 651
33 661 671
33 681 691
33 701 711
33 721 731
34 238 248
34 258 268
34 278 288
34 298 308
34 318 328
34 338 348
34 358 368
34 378 388
34 398 408
34 418 428
34 438 448
34 458 468
34 478 488
34 498 508
35 495 505
35 515 525
35 535 545
35 555 565
35 575 585
35 595 605
35 615 625
35 635 645
35 655 665
35 675 685
35 695 705
35 715 725
35 735 745
35 755 765
35 775 785
36 252 262
36 272 282
36 292 302
36 312 322
36 332 342
36 352 362
36 372 382
36 392 402
36 412 422
36 432 442
36 452 462
36 472 482
36 492 502
36 512 522
36 532 542
36 552 562
37 9 19
37 29 39
37 49 59
37 69 79
37 89 99
37 109 119
37 129 139
37 149 159
37 169 179
37 189 199
37 209 219
37 229 239
37 249 259
37 269 279
37 289 299
37 309 319
37 329 339
38 266 276
38 286 296
38 306 316
38 326 336
38 346 356
38 366 376
38 386 396
38 406 416
38 426 436
38 446 456
38 466 476
38 486 496
38 506 516
38 526 536
38 546 556
38 566 576
38 586 596
38 606 616
39 23 33
39 43 53
39 63 73
39 83 93
39 103 113
39 123 133
39 143 153
39 163 173
39 183 193
39 203 213
39 223 233
39 243 253
39 263 273
39 283 293
39 303 313
39 323 333
39 343 353
39 363 373
39 383 393
41 37 47
42 294 304
42 314 324
43 51 61
43 71 81
43 91 101
44 308 318
44 328 338
44 348 358
44 368 378
45 65 75
45 85 95
45 105 115
45 125 135
45 145 155
46 322 332
46 342 352
46 362 372
46 382 392
46 402 412
46 422 432
47 79 89
47 99 109
47 119 129
47 139 149
47 159 169
47 179 189
47 199 209
48 336 346
48 356 366
48 376 386
48 396 406
48 416 426
48 436 446
48 456 466
48 476 486
49 93 103
49 113 123
49 133 143
49 153 163
49 173 183
49 193 203
49 213 223
49 233 243
49 253 263
50 350 360
50 370 380
50 390 400
50 410 420
50 430 440
50 450 460
50 470 480
50 490 500
50 510 520
50 530 540
51 107 117
51 127 137
51 147 157
51 167 177
51 187 197
51 207 217
51 227 237
51 247 257
51 267 277
51 287 297
51 307 317
52 364 374
52 384 394
52 404 414
52 424 434
52 444 454
52 464 474
52 484 494
52 504 514
52 524 534
52 544 554
52 564 574
52 584 594
53 121 131
53 141 151
53 161 171
53 181 191
53 201 211
53 221 231
53 241 251
53 261 271
53 281 291
53 301 311
53 321 331
53 341 351
53 361 371
54 378 388
54 398 408
54 418 428
54 438 448
54 458 468
54 478 488
54 498 508
54 518 528
54 538 548
54 558 568
54 578 588
54 598 608
54 618 628
54 638 648
55 135 145
55 155 165
55 175 185
55 195 205
55 215 225
55 235 245
55 255 265
55 275 285
55 295 305
55 315 325
55 335 345
55 355 365
55 375 385
55 395 405
55 415 425
56 392 402
56 412 422
56 432 442
56 452 462
56 472 482
56 492 502
56 512 522
56 532 542
56 552 562
56 572 582
56 592 602
56 612 622
56 632 642
56 652 662
56 672 682
56 692 702
57 149 159
57 169 179
57 189 199
57 209 219
57 229 239
57 249 259
57 269 279
57 289 299
57 309 319
57 329 339
57 349 359
57 369 379
57 389 399
57 409 419
57 429 439
57 449 459
57 469 479
58 406 416
58 426 436
58 446 456
58 466 476
58 486 496
58 506 516
58 526 536
58 546 556
58 566 576
58 586 596
58 606 616
58 626 636
58 646 656
58 666 676
58 686 696
58 706 716
58 726 736
58 746 756
59 163 173
59 183 193
59 203 213
59 223 233
59 243 253
59 263 273
59 283 293
59 303 313
59 323 333
59 343 353
59 363 373
59 383 393
59 403 413
59 423 433
59 443 453
59 463 473
59 483 493
59 503 513
59 523 533
61 177 187
62 434 444
62 454 464
63 191 201
63 211 221
63 231 241
64 448 458
64 468 478
64 488 498
64 508 518
65 205 215
65 225 235
65 245 255
65 265 275
65 285 295
66 462 472
66 482 492
66 502 512
66 522 532
66 542 552
66 562 572
67 219 229
67 239 249
67 259 269
67 279 289
67 299 309
67 319 329
67 339 349
68 476 486
68 496 506
68 516 526
68 536 546
68 556 566
68 576 586
68 596 606
68 616 626
69 233 243
69 253 263
69 273 283
69 293 303
69 313 323
69 333 343
69 353 363
69 373 383
69 393 403
70 490 500
70 510 520
70 530 540
70 550 560
70 570 580
70 590 600
70 610 620
70 630 640
70 650 660
70 670 680
71 247 257
71 267 277
71 287 297
71 307 317
71 327 337
71 347 357
71 367 377
71 387 397
71 407 417
71 427 437
71 447 457
72 4 14
72 24 34
72 44 54
72 64 74
72 84 94
72 104 114
72 124 134
72 144 154
72 164 174
72 184 194
72 204 214
72 224 234
73 261 271
73 281 291
73 301 311
73 321 331
73 341 351
73 361 371
73 381 391
73 401 411
73 421 431
73 441 451
73 461 471
73 481 491
73 501 511
74 18 28
74 38 48
74 58 68
74 78 88
74 98 108
74 118 128
74 138 148
74 158 168
74 178 188
74 198 208
74 218 228
74 238 248
74 258 268
74 278 288
75 275 285
75 295 305
75 315 325
75 335 345
75 355 365
75 375 385
75 395 405
75 415 425
75 435 445
75 455 465
75 475 485
75 495 505
75 515 525
75 535 545
75 555 565
76 32 42
76 52 62
76 72 82
76 92 102
76 112 122
76 132 142
76 152 162
76 172 182
76 192 202
76 212 222
76 232 242
76 252 262
76 272 282
76 292 302
76 312 322
76 332 342
77 289 299
77 309 319
77 329 339
77 349 359
77 369 379
77 389 399
77 409 419
77 429 439
77 449 459
77 469 479
77 489 499
77 509 519
77 529 539
77 549 559
77 569 579
77 589 599
77 609 619
78 46 56
78 66 76
78 86 96
78 106 116
78 126 136
78 146 156
78 166 176
78 186 196
78 206 216
78 226 236
78 246 256
78 266 276
78 286 296
78 306 316
78 326 336
78 346 356
78 366 376
78 386 396
79 303 313
79 323 333
79 343 353
79 363 373
79 383 393
79 403 413
79 423 433
79 443 453
79 463 473
79 483 493
79 503 513
79 523 533
79 543 553
79 563 573
79 583 593
79 603 613
79 623 633
79 643 653
79 663 673
81 317 327
82 74 84
82 94 104
83 331 341
83 351 361
83 371 381
84 88 98
84 108 118
84 128 138
84 148 158
85 345 355
85 365 375
85 385 395
85 405 415
85 425 435
86 102 112
86 122 132
86 142 152
86 162 172
86 182 192
86 202 212
87 359 369
87 379 389
87 399 409
87 419 429
87 439 449
87 459 469
87 479 489
88 116 126
88 136 146
88 156 166
88 176 186
88 196 206
88 216 226
88 236 246
88 256 266
89 373 383
89 393 403
89 413 423
89 433 443
89 453 463
89 473 483
89 493 503
89 513 523
89 533 543
90 130 140
90 150 160
90 170 180
90 190 200
90 210 220
90 230 240
90 250 260
90 270 280
90 290 300
90 310 320
91 387 397
91 407 417
91 427 437
91 447 457
91 467 477
91 487 497
91 507 517
91 527 537
91 547 557
91 567 577
91 587 597
92 144 154
92 164 174
92 184 194
92 204 214
92 224 234
92 244 254
92 264 274
92 284 294
92 304 314
92 324 334
92 344 354
92 364 374
93 401 411
93 421 431
93 441 451
93 461 471
93 481 491
93 501 511
93 521 531
93 541 551
93 561 571
93 581 591
93 601 611
93 621 631
93 641 651
94 158 168
94 178 188
94 198 208
94 218 228
94 238 248
94 258 268
94 278 288
94 298 308
94 318 328
94 338 348
94 358 368
94 378 388
94 398 408
94 418 428
95 415 425
95 435 445
95 455 465
95 475 485
95 495 505
95 515 525
95 535 545
95 555 565
95 575 585
95 595 605
95 615 625
95 635 645
95 655 665
95 675 685
95 695 705
96 172 182
96 192 202
96 212 222
96 232 242
96 252 262
96 272 282
96 292 302
96 312 322
96 332 342
96 352 362
96 372 382
96 392 402
96 412 422
96 432 442
96 452 462
96 472 482
97 429 439
97 449 459
97 469 479
97 489 499
97 509 519
97 529 539
97 549 559
97 569 579
97 589 599
97 609 619
97 629 639
97 649 659
97 669 679
97 689 699
97 709 719
97 729 739
97 749 759
98 186 196
98 206 216
98 226 236
98 246 256
98 266 276
98 286 296
98 306 316
98 326 336
98 346 356
98 366 376
98 386 396
98 406 416
98 426 436
98 446 456
98 466 476
98 486 496
98 506 516
98 526 536
99 443 453
99 463 473
99 483 493
99 503 513
99 523 533
99 543 553
99 563 573
99 583 593
99 603 613
99 623 633
99 643 653
99 663 673
99 683 693
99 703 713
99 723 733
99 743 753
99 763 773
99 783 793
99 803 813
